0 0.00333333333333333 0.490157425041492
0.00333333333333333 0.00666666666666667 0.449109909489405
0.00666666666666667 0.01 0.0972240194604787
0.01 0.0133333333333333 1.19262253111107
0.0133333333333333 0.0166666666666667 0.897940488654459
0.0166666666666667 0.02 0.65455855123042
0.02 0.0233333333333333 0.133959089587417
0.0233333333333333 0.0266666666666667 1.03914823256372
0.0266666666666667 0.03 0.125467166884559
0.03 0.0333333333333333 0.232583757275225
0.0333333333333333 0.0366666666666667 2.38348612370638
0.0366666666666667 0.04 1.26001545454023
0.04 0.0433333333333333 0.608065390549868
0.0433333333333333 0.0466666666666667 0.544431652715482
0.0466666666666667 0.05 0.61531026429888
0.05 0.0533333333333333 2.01713241350187
0.0533333333333333 0.0566666666666667 0.378727093029277
0.0566666666666667 0.06 1.71641927720914
0.06 0.0633333333333333 2.2463514609536
0.0633333333333333 0.0666666666666667 0.239135598015326
0.0666666666666667 0.07 0.772285697340897
0.07 0.0733333333333333 0.750919627937129
0.0733333333333333 0.0766666666666667 1.96204676688104
0.0766666666666667 0.08 1.38205385789583
0.08 0.0833333333333333 2.36854659605731
0.0833333333333333 0.0866666666666667 1.16272964971799
0.0866666666666667 0.09 1.26944927996094
0.09 0.0933333333333333 0.2942373390748
0.0933333333333333 0.0966666666666667 0
0.0966666666666667 0.1 0.246676976691
0.1 0.103333333333333 0.0156562162422926
0.103333333333333 0.106666666666667 0.0201188044171894
0.106666666666667 0.11 0.949807139530504
0.11 0.113333333333333 0.118273816942475
0.113333333333333 0.116666666666667 1.04038264360266
0.116666666666667 0.12 1.00207507120893
0.12 0.123333333333333 0.826340327741334
0.123333333333333 0.126666666666667 0.508646694550261
0.126666666666667 0.13 0.0761518625905701
0.13 0.133333333333333 0.996667555857923
0.133333333333333 0.136666666666667 1.74899917374089
0.136666666666667 0.14 0.0225304858370694
0.14 0.143333333333333 0.689808288298516
0.143333333333333 0.146666666666667 0.275233371578584
0.146666666666667 0.15 0.141610969006251
0.15 0.153333333333333 0.230691418546561
0.153333333333333 0.156666666666667 0.21114531690575
0.156666666666667 0.16 4.90478525294857
0.16 0.163333333333333 0.953600026231703
0.163333333333333 0.166666666666667 0.72884961587141
0.166666666666667 0.17 0.0825808887217045
0.17 0.173333333333333 1.24438537825869
0.173333333333333 0.176666666666667 0.0901201070700434
0.176666666666667 0.18 0
0.18 0.183333333333333 0
0.183333333333333 0.186666666666667 0.264602184732728
0.186666666666667 0.19 0.173246586460078
0.19 0.193333333333333 0.833901149363018
0.193333333333333 0.196666666666667 0.064849786090982
0.196666666666667 0.2 0.056552724913697
0.2 0.203333333333333 0.992673542681881
0.203333333333333 0.206666666666667 0.279020857461447
0.206666666666667 0.21 0.522221975487587
0.21 0.213333333333333 0.424596675224723
0.213333333333333 0.216666666666667 0.322491288135553
0.216666666666667 0.22 0.000267988605845939
0.22 0.223333333333333 0.412665511405326
0.223333333333333 0.226666666666667 0.524844072789848
0.226666666666667 0.23 5.40081833627446e-07
0.23 0.233333333333333 0
0.233333333333333 0.236666666666667 1.03928897788957
0.236666666666667 0.24 0.0576782554549766
0.24 0.243333333333333 0.000113633217795215
0.243333333333333 0.246666666666667 0
0.246666666666667 0.25 0.322832835887139
0.25 0.253333333333333 0.00482098647969203
0.253333333333333 0.256666666666667 0
0.256666666666667 0.26 0.161412637370734
0.26 0.263333333333333 0.190723850628996
0.263333333333333 0.266666666666667 1.07471046098076
0.266666666666667 0.27 1.74710661897949
0.27 0.273333333333333 1.59447808858361
0.273333333333333 0.276666666666667 0.744146893727074
0.276666666666667 0.28 0
0.28 0.283333333333333 0.569177662250458
0.283333333333333 0.286666666666667 0.195050554214552
0.286666666666667 0.29 0.975161497242878
0.29 0.293333333333333 1.56871920957785
0.293333333333333 0.296666666666667 0
0.296666666666667 0.3 2.67205973260829
0.3 0.303333333333333 2.0022412771851
0.303333333333333 0.306666666666667 0.132605104430513
0.306666666666667 0.31 0.16528081147954
0.31 0.313333333333333 0.0402232426576044
0.313333333333333 0.316666666666667 0.238385424348418
0.316666666666667 0.32 0.758635020979597
0.32 0.323333333333333 0.13730781298864
0.323333333333333 0.326666666666667 0.0935415254860733
0.326666666666667 0.33 0.558897312563726
0.33 0.333333333333333 0.337389877581633
0.333333333333333 0.336666666666667 0
0.336666666666667 0.34 0
0.34 0.343333333333333 1.21763739338282
0.343333333333333 0.346666666666667 1.07093831342197
0.346666666666667 0.35 0.241906109805468
0.35 0.353333333333333 1.57173405438952
0.353333333333333 0.356666666666667 1.17355472594212
0.356666666666667 0.36 5.54952727677098
0.36 0.363333333333333 0.383709239928123
0.363333333333333 0.366666666666667 0.62979882361687
0.366666666666667 0.37 1.42025525020106
0.37 0.373333333333333 0.939047953290078
0.373333333333333 0.376666666666667 0.364991083738263
0.376666666666667 0.38 2.79298383912474
0.38 0.383333333333333 0.138115451362647
0.383333333333333 0.386666666666667 0.131539306940032
0.386666666666667 0.39 0.612919214005045
0.39 0.393333333333333 0.822877971122315
0.393333333333333 0.396666666666667 0
0.396666666666667 0.4 0
0.4 0.403333333333333 4.35305957903721e-05
0.403333333333333 0.406666666666667 0.000157703895419214
0.406666666666667 0.41 0.117224870005204
0.41 0.413333333333333 0.284695065221903
0.413333333333333 0.416666666666667 0.536445894707099
0.416666666666667 0.42 0
0.42 0.423333333333333 0.47607533131149
0.423333333333333 0.426666666666667 0.902059476766802
0.426666666666667 0.43 2.41504008078696
0.43 0.433333333333333 0.0976806046426273
0.433333333333333 0.436666666666667 0.724216577869821
0.436666666666667 0.44 0.0662656646260197
0.44 0.443333333333333 2.3160065711511
0.443333333333333 0.446666666666667 0.407998340231851
0.446666666666667 0.45 1.48804286543424
0.45 0.453333333333333 0.0944117053364138
0.453333333333333 0.456666666666667 0.294354320799963
0.456666666666667 0.46 0.212946597837264
0.46 0.463333333333333 0.846084423382353
0.463333333333333 0.466666666666667 0.299636753198307
0.466666666666667 0.47 0.0893134408433375
0.47 0.473333333333333 0.290362359934889
0.473333333333333 0.476666666666667 0.0912546029697612
0.476666666666667 0.48 0.195341442290144
0.48 0.483333333333333 0.441061610004689
0.483333333333333 0.486666666666667 0.866801422438468
0.486666666666667 0.49 0.795602434311362
0.49 0.493333333333333 0.255945969136081
0.493333333333333 0.496666666666667 1.24785281164694
0.496666666666667 0.5 1.83507017928786
0.5 0.503333333333333 0.209183523653282
0.503333333333333 0.506666666666667 2.70926424186502
0.506666666666667 0.51 2.52666797473392
0.51 0.513333333333333 0.250277378226694
0.513333333333333 0.516666666666667 0.171026526074769
0.516666666666667 0.52 2.04044299353943
0.52 0.523333333333333 1.51154787493191
0.523333333333333 0.526666666666667 1.92493277533963
0.526666666666667 0.53 3.19467099908156
0.53 0.533333333333333 0.919148422097341
0.533333333333333 0.536666666666667 0.922888272762478
0.536666666666667 0.54 0.571439308936956
0.54 0.543333333333333 0.152990169191681
0.543333333333333 0.546666666666667 1.94408926194566
0.546666666666667 0.55 0.259581800040061
0.55 0.553333333333333 0.576006132905743
0.553333333333333 0.556666666666667 2.80034526253345
0.556666666666667 0.56 1.69288769568526
0.56 0.563333333333333 1.03929621498614
0.563333333333333 0.566666666666667 0.778855252765142
0.566666666666667 0.57 1.63888469710812
0.57 0.573333333333333 0.0688426110869897
0.573333333333333 0.576666666666667 2.41277659782223
0.576666666666667 0.58 0
0.58 0.583333333333333 0.430984331087401
0.583333333333333 0.586666666666667 0.541980545321747
0.586666666666667 0.59 1.1549782872254
0.59 0.593333333333333 0.380362676854234
0.593333333333333 0.596666666666667 0.711019354216034
0.596666666666667 0.6 0.481372129886608
0.6 0.603333333333333 0.365399709653586
0.603333333333333 0.606666666666667 0.14301129318448
0.606666666666667 0.61 0.00101254542168474
0.61 0.613333333333333 0.160144957290844
0.613333333333333 0.616666666666667 0.304396926463532
0.616666666666667 0.62 4.83846287973002
0.62 0.623333333333333 0.681463267854405
0.623333333333333 0.626666666666667 0.179188350760914
0.626666666666667 0.63 0.484183471863372
0.63 0.633333333333333 1.8396118354432
0.633333333333333 0.636666666666667 1.18842695939472
0.636666666666667 0.64 3.29763781669536
0.64 0.643333333333333 0.167754494293921
0.643333333333333 0.646666666666667 1.08784255076541
0.646666666666667 0.65 0.596351555660322
0.65 0.653333333333333 0.349376345780793
0.653333333333333 0.656666666666667 0
0.656666666666667 0.66 3.54295033064189
0.66 0.663333333333333 0.689188922451712
0.663333333333333 0.666666666666667 0.0457206276257314
0.666666666666667 0.67 0.537436296773605
0.67 0.673333333333333 0
0.673333333333333 0.676666666666667 0.931151740849711
0.676666666666667 0.68 0.231648551572116
0.68 0.683333333333333 0.705327323755067
0.683333333333333 0.686666666666667 0.54710959447934
0.686666666666667 0.69 0.0927872471972292
0.69 0.693333333333333 1.40847098864041
0.693333333333333 0.696666666666667 0
0.696666666666667 0.7 0.55469299152167
0.7 0.703333333333333 0.11656229761171
0.703333333333333 0.706666666666667 0
0.706666666666667 0.71 0
0.71 0.713333333333333 1.07411475071826
0.713333333333333 0.716666666666667 2.96885857180362
0.716666666666667 0.72 2.45588700994604
0.72 0.723333333333333 0.881700443950015
0.723333333333333 0.726666666666667 0.195480999435953
0.726666666666667 0.73 4.03826877768552
0.73 0.733333333333333 0.92440989932054
0.733333333333333 0.736666666666667 3.16702010539623
0.736666666666667 0.74 1.28599803544148
0.74 0.743333333333333 2.19532658162344
0.743333333333333 0.746666666666667 1.1818495187757
0.746666666666667 0.75 0.618509385032189
0.75 0.753333333333333 0.416088550066856
0.753333333333333 0.756666666666667 0.871117972485552
0.756666666666667 0.76 0.533726366642052
0.76 0.763333333333333 0.366753586794123
0.763333333333333 0.766666666666667 0
0.766666666666667 0.77 0.0457654544179225
0.77 0.773333333333333 0.108306714719247
0.773333333333333 0.776666666666667 0.689993644383817
0.776666666666667 0.78 0.137582822658324
0.78 0.783333333333333 0.121414284788652
0.783333333333333 0.786666666666667 1.51750076491852
0.786666666666667 0.79 0.131251011257242
0.79 0.793333333333333 0.304766990535934
0.793333333333333 0.796666666666667 1.07383822881945
0.796666666666667 0.8 0.639577329263795
0.8 0.803333333333333 1.21945876535855
0.803333333333333 0.806666666666667 0.923233061005066
0.806666666666667 0.81 1.61230078909331
0.81 0.813333333333333 2.40834760273738
0.813333333333333 0.816666666666667 1.3187708492042
0.816666666666667 0.82 0.400219433565748
0.82 0.823333333333333 0
0.823333333333333 0.826666666666667 0.517058361092641
0.826666666666667 0.83 1.14650861589409
0.83 0.833333333333333 0.139838096379185
0.833333333333333 0.836666666666667 0.820244856150648
0.836666666666667 0.84 0.208461650274455
0.84 0.843333333333333 0.232523376126225
0.843333333333333 0.846666666666667 1.66768747732821
0.846666666666667 0.85 0.821900531019816
0.85 0.853333333333333 0
0.853333333333333 0.856666666666667 1.2880550991294
0.856666666666667 0.86 0.896445434122611
0.86 0.863333333333333 2.2764169525007
0.863333333333333 0.866666666666667 2.04584003130287
0.866666666666667 0.87 0.461796647794048
0.87 0.873333333333333 0.729647640788778
0.873333333333333 0.876666666666667 0.0920335089902187
0.876666666666667 0.88 0.208238272428067
0.88 0.883333333333333 0.338211450066947
0.883333333333333 0.886666666666667 0
0.886666666666667 0.89 0.0282396909003452
0.89 0.893333333333333 0.0493643437244824
0.893333333333333 0.896666666666667 0.238595084116232
0.896666666666667 0.9 0.169349571981356
0.9 0.903333333333333 0.25941523880257
0.903333333333333 0.906666666666667 0.158319372676816
0.906666666666667 0.91 0.494546562087016
0.91 0.913333333333333 0.826814411574892
0.913333333333333 0.916666666666667 0
0.916666666666667 0.92 0
0.92 0.923333333333333 0.94131640500768
0.923333333333333 0.926666666666667 0
0.926666666666667 0.93 0.955923134230868
0.93 0.933333333333333 1.24603100760575
0.933333333333333 0.936666666666667 0
0.936666666666667 0.94 0.602965829860391
0.94 0.943333333333333 3.33270727444739
0.943333333333333 0.946666666666667 1.97715717642227
0.946666666666667 0.95 0.226850356545803
0.95 0.953333333333333 0
0.953333333333333 0.956666666666667 0.446627045283853
0.956666666666667 0.96 0.614830131548785
0.96 0.963333333333333 2.22890411731826
0.963333333333333 0.966666666666667 1.97270863037505
0.966666666666667 0.97 2.00568872754551
0.97 0.973333333333333 0.866887727515482
0.973333333333333 0.976666666666667 0.244684290757648
0.976666666666667 0.98 0.372699347700528
0.98 0.983333333333333 0.148839640300254
0.983333333333333 0.986666666666667 0.482869884827623
0.986666666666667 0.99 0.444730817965987
0.99 0.993333333333333 0.19867029067989
0.993333333333333 0.996666666666667 0.991189397803073
0.996666666666667 1 1.21785364214901
