0 0.00333333333333333 0.632082073576713
0.00333333333333333 0.00666666666666667 0.174605324337118
0.00666666666666667 0.01 0.377509640559914
0.01 0.0133333333333333 0.672085286895298
0.0133333333333333 0.0166666666666667 2.27280931386844
0.0166666666666667 0.02 1.10286319870589
0.02 0.0233333333333333 1.57306622024035
0.0233333333333333 0.0266666666666667 1.22082970908503
0.0266666666666667 0.03 1.77042173570445
0.03 0.0333333333333333 1.43828393792211
0.0333333333333333 0.0366666666666667 0
0.0366666666666667 0.04 1.96946651912778
0.04 0.0433333333333333 0.0512227653139944
0.0433333333333333 0.0466666666666667 0.682357535354525
0.0466666666666667 0.05 4.21263830229408e-06
0.05 0.0533333333333333 0.450774765749745
0.0533333333333333 0.0566666666666667 0.383114717845666
0.0566666666666667 0.06 0.655216154871045
0.06 0.0633333333333333 0.726703114631841
0.0633333333333333 0.0666666666666667 0.274501452677652
0.0666666666666667 0.07 0.741946060255042
0.07 0.0733333333333333 3.34226618282077
0.0733333333333333 0.0766666666666667 0.365325394393279
0.0766666666666667 0.08 0.681829335321238
0.08 0.0833333333333333 4.32065466901957e-07
0.0833333333333333 0.0866666666666667 0.330828315368526
0.0866666666666667 0.09 1.55901599133853
0.09 0.0933333333333333 0.478915945723637
0.0933333333333333 0.0966666666666667 0
0.0966666666666667 0.1 0.220040788754694
0.1 0.103333333333333 0.943808018538937
0.103333333333333 0.106666666666667 1.19869715554298
0.106666666666667 0.11 0.862747352162527
0.11 0.113333333333333 0.156750434950128
0.113333333333333 0.116666666666667 0.235276713314058
0.116666666666667 0.12 0.589568883944529
0.12 0.123333333333333 1.25362056158099
0.123333333333333 0.126666666666667 0.351252806103549
0.126666666666667 0.13 0.0412581474672013
0.13 0.133333333333333 3.49980751360806
0.133333333333333 0.136666666666667 0.522066431919502
0.136666666666667 0.14 0.831271382898719
0.14 0.143333333333333 0.896073317739242
0.143333333333333 0.146666666666667 0.831509234938249
0.146666666666667 0.15 0.334822652593668
0.15 0.153333333333333 0.639863572635618
0.153333333333333 0.156666666666667 0.93078826577568
0.156666666666667 0.16 0.459528628141912
0.16 0.163333333333333 0.547267082342026
0.163333333333333 0.166666666666667 0.623400798182986
0.166666666666667 0.17 1.14684757125287
0.17 0.173333333333333 1.14684757125287
0.173333333333333 0.176666666666667 1.14684757125287
0.176666666666667 0.18 0.987424487340856
0.18 0.183333333333333 0.606168407117435
0.183333333333333 0.186666666666667 0.346330284239135
0.186666666666667 0.19 1.73896067269925
0.19 0.193333333333333 2.72363149880318
0.193333333333333 0.196666666666667 0.452784086203573
0.196666666666667 0.2 0.979252077050772
0.2 0.203333333333333 0.260586136217874
0.203333333333333 0.206666666666667 0.748138422526681
0.206666666666667 0.21 0.980589859752667
0.21 0.213333333333333 0.406595207628086
0.213333333333333 0.216666666666667 0.0417177571076183
0.216666666666667 0.22 0.809114093608686
0.22 0.223333333333333 0.295211322653563
0.223333333333333 0.226666666666667 0.601067766264291
0.226666666666667 0.23 0.433763160137781
0.23 0.233333333333333 0.157484514178395
0.233333333333333 0.236666666666667 0.780842969945624
0.236666666666667 0.24 0.0445109523347727
0.24 0.243333333333333 0.0537107062887826
0.243333333333333 0.246666666666667 0.000383674134608938
0.246666666666667 0.25 0.0916531833629783
0.25 0.253333333333333 0.286718319787038
0.253333333333333 0.256666666666667 0.591269817671355
0.256666666666667 0.26 0.23263668529492
0.26 0.263333333333333 0.0428093705097461
0.263333333333333 0.266666666666667 0.698708836916696
0.266666666666667 0.27 2.74174184689747
0.27 0.273333333333333 0.685747629024205
0.273333333333333 0.276666666666667 1.77182292401362
0.276666666666667 0.28 0.46671657726566
0.28 0.283333333333333 0.100168005535582
0.283333333333333 0.286666666666667 0.521669579788153
0.286666666666667 0.29 1.02179745556024
0.29 0.293333333333333 1.03908126241635
0.293333333333333 0.296666666666667 1.75688976933018
0.296666666666667 0.3 0.405758944916898
0.3 0.303333333333333 0.311901147509052
0.303333333333333 0.306666666666667 0.754962896576397
0.306666666666667 0.31 0.463650208647057
0.31 0.313333333333333 0
0.313333333333333 0.316666666666667 0.00265396213044527
0.316666666666667 0.32 0.0682009938686403
0.32 0.323333333333333 0.304603237723978
0.323333333333333 0.326666666666667 0
0.326666666666667 0.33 0.0885648874219298
0.33 0.333333333333333 0.384349993015539
0.333333333333333 0.336666666666667 0.231297282347524
0.336666666666667 0.34 2.02308130688291
0.34 0.343333333333333 0.066531924969998
0.343333333333333 0.346666666666667 0.139553041187397
0.346666666666667 0.35 0.210985560699363
0.35 0.353333333333333 0.270590828136722
0.353333333333333 0.356666666666667 0.0589856855578219
0.356666666666667 0.36 0.876723049771304
0.36 0.363333333333333 0.144638991814666
0.363333333333333 0.366666666666667 0.55656664341889
0.366666666666667 0.37 1.40213194014276
0.37 0.373333333333333 3.72569317598264
0.373333333333333 0.376666666666667 1.39577722927193
0.376666666666667 0.38 0.978132703442396
0.38 0.383333333333333 2.07944100654927
0.383333333333333 0.386666666666667 1.49547601171046
0.386666666666667 0.39 2.12506690382138
0.39 0.393333333333333 1.36626488953883
0.393333333333333 0.396666666666667 0.314011031200301
0.396666666666667 0.4 0.983398393303897
0.4 0.403333333333333 0.493995354567615
0.403333333333333 0.406666666666667 1.22278674961736
0.406666666666667 0.41 3.21008299031868
0.41 0.413333333333333 1.4954875694617
0.413333333333333 0.416666666666667 1.02628758790865
0.416666666666667 0.42 1.9098191253074
0.42 0.423333333333333 0.99250730549349
0.423333333333333 0.426666666666667 2.45160653736544
0.426666666666667 0.43 1.96316279198205
0.43 0.433333333333333 1.83009030073271
0.433333333333333 0.436666666666667 0.789956526838987
0.436666666666667 0.44 0.368841327130194
0.44 0.443333333333333 1.31856529405832
0.443333333333333 0.446666666666667 2.53970295780488
0.446666666666667 0.45 0.366720965851372
0.45 0.453333333333333 0.680331580380222
0.453333333333333 0.456666666666667 0.273797726048435
0.456666666666667 0.46 0.153546129431217
0.46 0.463333333333333 1.23080912517406
0.463333333333333 0.466666666666667 1.94323744487766
0.466666666666667 0.47 1.35394519084832
0.47 0.473333333333333 3.37169480986966
0.473333333333333 0.476666666666667 1.88125851778151
0.476666666666667 0.48 1.97624919084357
0.48 0.483333333333333 2.84728031817028
0.483333333333333 0.486666666666667 1.88388288342747
0.486666666666667 0.49 1.83259185176971
0.49 0.493333333333333 1.94188583608083
0.493333333333333 0.496666666666667 2.50715038941392
0.496666666666667 0.5 0.0760523795168159
0.5 0.503333333333333 2.25775129226507
0.503333333333333 0.506666666666667 1.07193541250321
0.506666666666667 0.51 0.939669479464216
0.51 0.513333333333333 1.08510952065452
0.513333333333333 0.516666666666667 3.69859089742391
0.516666666666667 0.52 1.42317320433179
0.52 0.523333333333333 0.370069257187129
0.523333333333333 0.526666666666667 2.51074560616401
0.526666666666667 0.53 4.15301726446718
0.53 0.533333333333333 0.265168082478003
0.533333333333333 0.536666666666667 0.437532499271034
0.536666666666667 0.54 2.72596562447175
0.54 0.543333333333333 1.83932310769494
0.543333333333333 0.546666666666667 0.138178316888081
0.546666666666667 0.55 2.80500973329776
0.55 0.553333333333333 2.86783972134734
0.553333333333333 0.556666666666667 3.2416907395499
0.556666666666667 0.56 3.12142099618307
0.56 0.563333333333333 1.39806652814831
0.563333333333333 0.566666666666667 5.23020270445872
0.566666666666667 0.57 2.8310355207457
0.57 0.573333333333333 3.07716182999913
0.573333333333333 0.576666666666667 3.85683131013665
0.576666666666667 0.58 1.27431066456179
0.58 0.583333333333333 0.101960537141391
0.583333333333333 0.586666666666667 0.210383153422135
0.586666666666667 0.59 0.664285749103151
0.59 0.593333333333333 0.919008108836965
0.593333333333333 0.596666666666667 3.69411837174328
0.596666666666667 0.6 0.000700918203681699
0.6 0.603333333333333 0.133078972231338
0.603333333333333 0.606666666666667 0.827816587425371
0.606666666666667 0.61 4.34608290992678
0.61 0.613333333333333 2.89418383302802
0.613333333333333 0.616666666666667 1.46789252023797
0.616666666666667 0.62 0.806703924417941
0.62 0.623333333333333 4.45295948795058
0.623333333333333 0.626666666666667 8.43235567321425
0.626666666666667 0.63 0.487762054092988
0.63 0.633333333333333 1.80948628679619
0.633333333333333 0.636666666666667 0.803735202594857
0.636666666666667 0.64 0.811370987575049
0.64 0.643333333333333 5.50749184352882
0.643333333333333 0.646666666666667 4.83550366334721
0.646666666666667 0.65 2.26476004223642
0.65 0.653333333333333 1.1429870663061
0.653333333333333 0.656666666666667 2.97864982338182
0.656666666666667 0.66 2.16352937168499
0.66 0.663333333333333 4.46364133447243
0.663333333333333 0.666666666666667 1.76165674762651
0.666666666666667 0.67 3.07663622235865
0.67 0.673333333333333 1.05367211323363
0.673333333333333 0.676666666666667 0.203322231545657
0.676666666666667 0.68 0.308804102242299
0.68 0.683333333333333 0.0911546878305402
0.683333333333333 0.686666666666667 1.71025154266912
0.686666666666667 0.69 2.49658314825717
0.69 0.693333333333333 6.6794527879799
0.693333333333333 0.696666666666667 0.547231436941006
0.696666666666667 0.7 1.16664880755189
0.7 0.703333333333333 0.151633051560142
0.703333333333333 0.706666666666667 0.126934677242892
0.706666666666667 0.71 0.430536927296424
0.71 0.713333333333333 3.17296230176254
0.713333333333333 0.716666666666667 2.22310655486701
0.716666666666667 0.72 0.926275125941156
0.72 0.723333333333333 1.40146159057086
0.723333333333333 0.726666666666667 0.203511692252893
0.726666666666667 0.73 1.01635094630084
0.73 0.733333333333333 1.43871459917625
0.733333333333333 0.736666666666667 1.83297228541332
0.736666666666667 0.74 3.86905692657174
0.74 0.743333333333333 0.991001557341337
0.743333333333333 0.746666666666667 2.85516508087577
0.746666666666667 0.75 1.48848519245599
0.75 0.753333333333333 1.2267694210749
0.753333333333333 0.756666666666667 4.07507438249993
0.756666666666667 0.76 10.725172210593
0.76 0.763333333333333 4.92275323547152
0.763333333333333 0.766666666666667 3.75581559215501
0.766666666666667 0.77 1.44263105660098
0.77 0.773333333333333 1.26122102520926
0.773333333333333 0.776666666666667 3.80977430402179
0.776666666666667 0.78 2.40817996133622
0.78 0.783333333333333 1.16145494857426
0.783333333333333 0.786666666666667 2.17864215758629
0.786666666666667 0.79 1.84777312004751
0.79 0.793333333333333 2.42775468731422
0.793333333333333 0.796666666666667 3.37838210313363
0.796666666666667 0.8 4.37015230494059
0.8 0.803333333333333 3.70778870708332
0.803333333333333 0.806666666666667 4.87473909633111
0.806666666666667 0.81 2.13508509778607
0.81 0.813333333333333 0.686232622510802
0.813333333333333 0.816666666666667 2.83794068302136
0.816666666666667 0.82 0.956502101956516
0.82 0.823333333333333 1.73507294762807
0.823333333333333 0.826666666666667 2.58689152785441
0.826666666666667 0.83 0.538011915991886
0.83 0.833333333333333 2.83667084261413
0.833333333333333 0.836666666666667 0.205144035586849
0.836666666666667 0.84 2.78314646455795
0.84 0.843333333333333 0.245159346738507
0.843333333333333 0.846666666666667 0.245159346738507
0.846666666666667 0.85 0.364162598205479
0.85 0.853333333333333 0.23563521963522
0.853333333333333 0.856666666666667 0.350245013402
0.856666666666667 0.86 0.659647850365058
0.86 0.863333333333333 8.64130933803914e-07
0.863333333333333 0.866666666666667 0
0.866666666666667 0.87 1.36473953641611
0.87 0.873333333333333 1.68641567904017
0.873333333333333 0.876666666666667 1.78051381286398
0.876666666666667 0.88 0.700630772129843
0.88 0.883333333333333 5.07382222556462
0.883333333333333 0.886666666666667 2.19289340494659
0.886666666666667 0.89 2.82047206016178
0.89 0.893333333333333 1.82235643689154
0.893333333333333 0.896666666666667 0.770925123185623
0.896666666666667 0.9 2.292197171532
0.9 0.903333333333333 0.939921589664154
0.903333333333333 0.906666666666667 0.466405058064024
0.906666666666667 0.91 3.37602583410988
0.91 0.913333333333333 1.12759765048962
0.913333333333333 0.916666666666667 0.660404721046704
0.916666666666667 0.92 2.45764454424903
0.92 0.923333333333333 1.08302113222025
0.923333333333333 0.926666666666667 2.07311405588469
0.926666666666667 0.93 5.82017999828583
0.93 0.933333333333333 4.97319774286326
0.933333333333333 0.936666666666667 4.11879843560311
0.936666666666667 0.94 1.07380171928749
0.94 0.943333333333333 2.67087587322898
0.943333333333333 0.946666666666667 1.47608415744133
0.946666666666667 0.95 3.68945357692987
0.95 0.953333333333333 1.87678361574081
0.953333333333333 0.956666666666667 0.167065997972413
0.956666666666667 0.96 4.30879447195311
0.96 0.963333333333333 5.6085152306725
0.963333333333333 0.966666666666667 2.29841977838632
0.966666666666667 0.97 4.86232563943428
0.97 0.973333333333333 2.98697788525635
0.973333333333333 0.976666666666667 1.08599557891077
0.976666666666667 0.98 4.6269509552756
0.98 0.983333333333333 10.0931093639296
0.983333333333333 0.986666666666667 3.91846134436828
0.986666666666667 0.99 3.33192955660697
0.99 0.993333333333333 1.6316797894148
0.993333333333333 0.996666666666667 4.32360675632218
0.996666666666667 1 0.439897625636855
