0 0.00333333333333333 0.189001961727025
0.00333333333333333 0.00666666666666667 0.203524762233267
0.00666666666666667 0.01 0
0.01 0.0133333333333333 0.302489249410793
0.0133333333333333 0.0166666666666667 0.530688838393364
0.0166666666666667 0.02 0.398430682532774
0.02 0.0233333333333333 2.20359685474178
0.0233333333333333 0.0266666666666667 3.09425066731331
0.0266666666666667 0.03 2.16356685336425
0.03 0.0333333333333333 0.944795288130808
0.0333333333333333 0.0366666666666667 0.961208483071113
0.0366666666666667 0.04 2.98797163583023
0.04 0.0433333333333333 1.59412573919535
0.0433333333333333 0.0466666666666667 1.8372284543114
0.0466666666666667 0.05 0.567234231780332
0.05 0.0533333333333333 1.11362346510998
0.0533333333333333 0.0566666666666667 0.438428170983922
0.0566666666666667 0.06 0.804358132981763
0.06 0.0633333333333333 0.432927437508426
0.0633333333333333 0.0666666666666667 1.87373777023188
0.0666666666666667 0.07 0.0488691966994127
0.07 0.0733333333333333 0.101901560205159
0.0733333333333333 0.0766666666666667 2.63606381847886
0.0766666666666667 0.08 4.10796839062611
0.08 0.0833333333333333 1.30684767859594
0.0833333333333333 0.0866666666666667 2.60231291651544
0.0866666666666667 0.09 2.41025063508635
0.09 0.0933333333333333 3.9920092564062
0.0933333333333333 0.0966666666666667 3.367978074707
0.0966666666666667 0.1 1.25080241457312
0.1 0.103333333333333 1.76801297072647
0.103333333333333 0.106666666666667 0.865028873860503
0.106666666666667 0.11 0.256949225150227
0.11 0.113333333333333 1.83027770912898
0.113333333333333 0.116666666666667 1.16657676063528e-05
0.116666666666667 0.12 1.72826186760783e-06
0.12 0.123333333333333 3.69415974201173e-05
0.123333333333333 0.126666666666667 0.121271919217308
0.126666666666667 0.13 0.896311601844238
0.13 0.133333333333333 2.89055243079508
0.133333333333333 0.136666666666667 1.16290053161015
0.136666666666667 0.14 0.647190322790608
0.14 0.143333333333333 4.04577375484561
0.143333333333333 0.146666666666667 0
0.146666666666667 0.15 0
0.15 0.153333333333333 1.86924148095057
0.153333333333333 0.156666666666667 1.02633435899545
0.156666666666667 0.16 0.526646973966863
0.16 0.163333333333333 0.234008061086867
0.163333333333333 0.166666666666667 0
0.166666666666667 0.17 4.54925445864086
0.17 0.173333333333333 1.82066382042495
0.173333333333333 0.176666666666667 0.909119534512347
0.176666666666667 0.18 0
0.18 0.183333333333333 8.66291261138424e-05
0.183333333333333 0.186666666666667 0.300979720685805
0.186666666666667 0.19 3.141368594659
0.19 0.193333333333333 1.80994319602744
0.193333333333333 0.196666666666667 0.309008685240877
0.196666666666667 0.2 0.637030303336408
0.2 0.203333333333333 0.506545668201083
0.203333333333333 0.206666666666667 0.583779854786243
0.206666666666667 0.21 0.187464456763054
0.21 0.213333333333333 0.244725228960637
0.213333333333333 0.216666666666667 0.119035116295156
0.216666666666667 0.22 0.224403245757637
0.22 0.223333333333333 1.13352591274462
0.223333333333333 0.226666666666667 0
0.226666666666667 0.23 0.384181595499814
0.23 0.233333333333333 0.357564526460419
0.233333333333333 0.236666666666667 0.886977691562755
0.236666666666667 0.24 1.71296437371943
0.24 0.243333333333333 2.93523901774215
0.243333333333333 0.246666666666667 0.513748091517972
0.246666666666667 0.25 1.28931597417819
0.25 0.253333333333333 1.71022216221737
0.253333333333333 0.256666666666667 0.212688438720791
0.256666666666667 0.26 0.631167823048749
0.26 0.263333333333333 0.168584168006739
0.263333333333333 0.266666666666667 0
0.266666666666667 0.27 0.193208119047315
0.27 0.273333333333333 0.493760418969987
0.273333333333333 0.276666666666667 0.89617398899303
0.276666666666667 0.28 0.797950710123974
0.28 0.283333333333333 0.106477133499651
0.283333333333333 0.286666666666667 0.0328598749542945
0.286666666666667 0.29 3.3256103831208
0.29 0.293333333333333 1.95760243347212
0.293333333333333 0.296666666666667 1.5811140876596
0.296666666666667 0.3 1.86581001701243
0.3 0.303333333333333 0.0285680606551907
0.303333333333333 0.306666666666667 0.337495949653757
0.306666666666667 0.31 0.294151250030519
0.31 0.313333333333333 0.00597643755455459
0.313333333333333 0.316666666666667 0
0.316666666666667 0.32 0.779395226582402
0.32 0.323333333333333 0.000128215427303156
0.323333333333333 0.326666666666667 0.218383385623659
0.326666666666667 0.33 0.000105640006657528
0.33 0.333333333333333 0
0.333333333333333 0.336666666666667 0.127182034722693
0.336666666666667 0.34 0
0.34 0.343333333333333 0
0.343333333333333 0.346666666666667 0.549060370062402
0.346666666666667 0.35 0.48834782684974
0.35 0.353333333333333 0
0.353333333333333 0.356666666666667 1.50196790336703
0.356666666666667 0.36 0.860296352785159
0.36 0.363333333333333 0.259213896294994
0.363333333333333 0.366666666666667 0.525486878188231
0.366666666666667 0.37 1.38705155915148
0.37 0.373333333333333 0
0.373333333333333 0.376666666666667 0.337349155411377
0.376666666666667 0.38 0.268818387575124
0.38 0.383333333333333 1.48946641313132
0.383333333333333 0.386666666666667 0.0473249947207051
0.386666666666667 0.39 0.697810032729174
0.39 0.393333333333333 1.73498610246922
0.393333333333333 0.396666666666667 3.15338379521171
0.396666666666667 0.4 1.80766945150787
0.4 0.403333333333333 0.581033214613147
0.403333333333333 0.406666666666667 0
0.406666666666667 0.41 1.65767025551082
0.41 0.413333333333333 1.30215998431278
0.413333333333333 0.416666666666667 0.149978672887374
0.416666666666667 0.42 0
0.42 0.423333333333333 0
0.423333333333333 0.426666666666667 1.26335488853392
0.426666666666667 0.43 1.73194587381137
0.43 0.433333333333333 2.66371438811508
0.433333333333333 0.436666666666667 0
0.436666666666667 0.44 0.243124102356665
0.44 0.443333333333333 0.0206246450625649
0.443333333333333 0.446666666666667 0
0.446666666666667 0.45 0.124752530602303
0.45 0.453333333333333 0.0708742909287294
0.453333333333333 0.456666666666667 0
0.456666666666667 0.46 0
0.46 0.463333333333333 0
0.463333333333333 0.466666666666667 0
0.466666666666667 0.47 0
0.47 0.473333333333333 0
0.473333333333333 0.476666666666667 0
0.476666666666667 0.48 0.532932878412086
0.48 0.483333333333333 0.505991760272515
0.483333333333333 0.486666666666667 0.465844561137085
0.486666666666667 0.49 0.583079908729862
0.49 0.493333333333333 0
0.493333333333333 0.496666666666667 0
0.496666666666667 0.5 0
0.5 0.503333333333333 0
0.503333333333333 0.506666666666667 0.0264137822372175
0.506666666666667 0.51 0.39005044875311
0.51 0.513333333333333 0.138857415785684
0.513333333333333 0.516666666666667 0.262869494194084
0.516666666666667 0.52 0.582480633927268
0.52 0.523333333333333 0
0.523333333333333 0.526666666666667 0
0.526666666666667 0.53 0.560715011982982
0.53 0.533333333333333 4.32065466901957e-07
0.533333333333333 0.536666666666667 0.281024777096938
0.536666666666667 0.54 5.29280196954897e-05
0.54 0.543333333333333 0.342125855180712
0.543333333333333 0.546666666666667 0.609733379284843
0.546666666666667 0.55 0.00226175470286502
0.55 0.553333333333333 0
0.553333333333333 0.556666666666667 0.265886607349461
0.556666666666667 0.56 0.000147442340580293
0.56 0.563333333333333 2.43032536882592
0.563333333333333 0.566666666666667 0.71119693312293
0.566666666666667 0.57 0
0.57 0.573333333333333 0.355856355637022
0.573333333333333 0.576666666666667 0.418989113562536
0.576666666666667 0.58 1.75894089211793
0.58 0.583333333333333 1.92639844941973
0.583333333333333 0.586666666666667 2.61363562414108
0.586666666666667 0.59 1.3869709789419
0.59 0.593333333333333 2.17144211062947
0.593333333333333 0.596666666666667 0.781514615713923
0.596666666666667 0.6 0.723702960046041
0.6 0.603333333333333 2.04694514675084
0.603333333333333 0.606666666666667 1.15297706799908
0.606666666666667 0.61 0.073042935523477
0.61 0.613333333333333 1.0355540959773
0.613333333333333 0.616666666666667 1.47016496856114
0.616666666666667 0.62 4.03588604465193
0.62 0.623333333333333 1.25843960376608
0.623333333333333 0.626666666666667 3.25331621705146
0.626666666666667 0.63 1.38238125550337
0.63 0.633333333333333 2.34107004078788
0.633333333333333 0.636666666666667 1.03706286858772
0.636666666666667 0.64 1.12884567159077
0.64 0.643333333333333 5.18616173133556
0.643333333333333 0.646666666666667 6.85903928706856e-05
0.646666666666667 0.65 0.394618892967398
0.65 0.653333333333333 1.63577371773006
0.653333333333333 0.656666666666667 0.217867283423444
0.656666666666667 0.66 0.577174005862779
0.66 0.663333333333333 0.25636690891721
0.663333333333333 0.666666666666667 0.415693858262841
0.666666666666667 0.67 0.12564593397149
0.67 0.673333333333333 0.794576710892936
0.673333333333333 0.676666666666667 0.0834502044411112
0.676666666666667 0.68 0.293273293001775
0.68 0.683333333333333 0.220478255039933
0.683333333333333 0.686666666666667 2.66015730114244
0.686666666666667 0.69 3.5234544566116
0.69 0.693333333333333 1.49918421358014
0.693333333333333 0.696666666666667 0.124202835312037
0.696666666666667 0.7 3.02865870076655
0.7 0.703333333333333 4.24257557841388
0.703333333333333 0.706666666666667 1.42212792995098
0.706666666666667 0.71 0.994506688441579
0.71 0.713333333333333 1.09462090182653
0.713333333333333 0.716666666666667 1.43423991316828
0.716666666666667 0.72 1.70773681363538
0.72 0.723333333333333 0.742056669014569
0.723333333333333 0.726666666666667 1.04622071219144
0.726666666666667 0.73 0.788319430784896
0.73 0.733333333333333 2.2074344602188
0.733333333333333 0.736666666666667 0.205549637043903
0.736666666666667 0.74 1.46484559456538
0.74 0.743333333333333 2.25339142765493
0.743333333333333 0.746666666666667 1.685128772047
0.746666666666667 0.75 0.991322906032345
0.75 0.753333333333333 1.43579621298006
0.753333333333333 0.756666666666667 2.74367361159999
0.756666666666667 0.76 0.421439788890804
0.76 0.763333333333333 0.605574425116811
0.763333333333333 0.766666666666667 0.270433664323137
0.766666666666667 0.77 2.61224264507578
0.77 0.773333333333333 2.9485587319558
0.773333333333333 0.776666666666667 2.96615438206265
0.776666666666667 0.78 2.29442133653924
0.78 0.783333333333333 0.730916509048702
0.783333333333333 0.786666666666667 0.339325098807886
0.786666666666667 0.79 1.50965207967951
0.79 0.793333333333333 1.22503565037259
0.793333333333333 0.796666666666667 0
0.796666666666667 0.8 3.24225480101694
0.8 0.803333333333333 1.48504584332308
0.803333333333333 0.806666666666667 0
0.806666666666667 0.81 0.342748245485784
0.81 0.813333333333333 0.30790086938374
0.813333333333333 0.816666666666667 0.565731616102814
0.816666666666667 0.82 0.491522859933269
0.82 0.823333333333333 1.94529915326935
0.823333333333333 0.826666666666667 0.184832097905954
0.826666666666667 0.83 0.381039183359036
0.83 0.833333333333333 1.31779556942903
0.833333333333333 0.836666666666667 1.61607304466847
0.836666666666667 0.84 3.19965455019317
0.84 0.843333333333333 0.567099535371026
0.843333333333333 0.846666666666667 0.982006818451372
0.846666666666667 0.85 2.88313807936667
0.85 0.853333333333333 2.5485469058469
0.853333333333333 0.856666666666667 3.44120301780841
0.856666666666667 0.86 1.35983273093306
0.86 0.863333333333333 2.96574683631099
0.863333333333333 0.866666666666667 1.0574735332278
0.866666666666667 0.87 1.61821846574437
0.87 0.873333333333333 2.3162591134165
0.873333333333333 0.876666666666667 0.345235106296905
0.876666666666667 0.88 0.580649972544005
0.88 0.883333333333333 1.21319489625214
0.883333333333333 0.886666666666667 3.48266250778319
0.886666666666667 0.89 2.38664095772933
0.89 0.893333333333333 0.0549554868989271
0.893333333333333 0.896666666666667 0.00519105055209356
0.896666666666667 0.9 0.496000462383141
0.9 0.903333333333333 0.0864902170662334
0.903333333333333 0.906666666666667 0.618016614367187
0.906666666666667 0.91 3.76991010776718
0.91 0.913333333333333 1.69159419969373
0.913333333333333 0.916666666666667 1.01765243550352
0.916666666666667 0.92 1.36033630323473
0.92 0.923333333333333 0.109314291388063
0.923333333333333 0.926666666666667 0
0.926666666666667 0.93 3.07053837440789
0.93 0.933333333333333 1.10993459816994
0.933333333333333 0.936666666666667 1.31310463465488
0.936666666666667 0.94 0.756035607114348
0.94 0.943333333333333 0.770367866749686
0.943333333333333 0.946666666666667 2.49128786191118
0.946666666666667 0.95 0.249376089662736
0.95 0.953333333333333 0.54799792107929
0.953333333333333 0.956666666666667 0.825661120827364
0.956666666666667 0.96 1.97542621414549
0.96 0.963333333333333 1.71325083312399
0.963333333333333 0.966666666666667 1.8293833336125
0.966666666666667 0.97 0.153668511974717
0.97 0.973333333333333 0.303224516819094
0.973333333333333 0.976666666666667 1.2386577023967
0.976666666666667 0.98 1.50997720894336
0.98 0.983333333333333 0.780137947120007
0.983333333333333 0.986666666666667 0.805087351473527
0.986666666666667 0.99 2.70695928061546
0.99 0.993333333333333 0.114331219556995
0.993333333333333 0.996666666666667 0.192713188054979
0.996666666666667 1 1.19825871711044
