0 0.00333333333333333 0.0123343889163836
0.00333333333333333 0.00666666666666667 0.0123343889163836
0.00666666666666667 0.01 0.0123343889163836
0.01 0.0133333333333333 0.0123343889163836
0.0133333333333333 0.0166666666666667 0.0123343889163836
0.0166666666666667 0.02 0.0123343889163836
0.02 0.0233333333333333 0.0123343889163836
0.0233333333333333 0.0266666666666667 0.0123343889163836
0.0266666666666667 0.03 0.0123343889163836
0.03 0.0333333333333333 0.0123343889163836
0.0333333333333333 0.0366666666666667 0.0123343889163836
0.0366666666666667 0.04 0.0123343889163836
0.04 0.0433333333333333 0.0123343889163836
0.0433333333333333 0.0466666666666667 0.0123343889163836
0.0466666666666667 0.05 0.0123343889163836
0.05 0.0533333333333333 0.0123343889163836
0.0533333333333333 0.0566666666666667 0.0123343889163836
0.0566666666666667 0.06 0.0123343889163836
0.06 0.0633333333333333 0.0123343889163836
0.0633333333333333 0.0666666666666667 0.0123343889163836
0.0666666666666667 0.07 0.0123343889163836
0.07 0.0733333333333333 0.0123343889163836
0.0733333333333333 0.0766666666666667 0.0123343889163836
0.0766666666666667 0.08 0.0123343889163836
0.08 0.0833333333333333 0.0123343889163836
0.0833333333333333 0.0866666666666667 0.0123343889163836
0.0866666666666667 0.09 0.0123343889163836
0.09 0.0933333333333333 0.0123343889163836
0.0933333333333333 0.0966666666666667 0.0123343889163836
0.0966666666666667 0.1 0.0123343889163836
0.1 0.103333333333333 0.0123343889163836
0.103333333333333 0.106666666666667 0.0123343889163836
0.106666666666667 0.11 0.0123343889163836
0.11 0.113333333333333 0.0123343889163836
0.113333333333333 0.116666666666667 0.0123343889163836
0.116666666666667 0.12 0.0123343889163836
0.12 0.123333333333333 0.0123343889163836
0.123333333333333 0.126666666666667 0.0123343889163836
0.126666666666667 0.13 0.0123343889163836
0.13 0.133333333333333 0.0123343889163836
0.133333333333333 0.136666666666667 0.0123343889163836
0.136666666666667 0.14 0.0123343889163836
0.14 0.143333333333333 0.0123343889163836
0.143333333333333 0.146666666666667 0.0123343889163836
0.146666666666667 0.15 0.0123343889163836
0.15 0.153333333333333 0.0123343889163836
0.153333333333333 0.156666666666667 0.0123343889163836
0.156666666666667 0.16 0.0123343889163836
0.16 0.163333333333333 0.0123343889163836
0.163333333333333 0.166666666666667 0.0123343889163836
0.166666666666667 0.17 0.0123343889163836
0.17 0.173333333333333 0.0123343889163836
0.173333333333333 0.176666666666667 0.0123343889163836
0.176666666666667 0.18 0.0123343889163836
0.18 0.183333333333333 0.0123343889163836
0.183333333333333 0.186666666666667 0.0123343889163836
0.186666666666667 0.19 0.0123343889163836
0.19 0.193333333333333 0.0123343889163836
0.193333333333333 0.196666666666667 0.0123343889163836
0.196666666666667 0.2 0.0123343889163836
0.2 0.203333333333333 0.0123343889163836
0.203333333333333 0.206666666666667 0.0123343889163836
0.206666666666667 0.21 0.0123343889163836
0.21 0.213333333333333 0.0123343889163836
0.213333333333333 0.216666666666667 0.0123343889163836
0.216666666666667 0.22 0.0123343889163836
0.22 0.223333333333333 0.0123343889163836
0.223333333333333 0.226666666666667 0.0123343889163836
0.226666666666667 0.23 0.0123343889163836
0.23 0.233333333333333 0.0123343889163836
0.233333333333333 0.236666666666667 0.0123343889163836
0.236666666666667 0.24 0.0123343889163836
0.24 0.243333333333333 0.0123343889163836
0.243333333333333 0.246666666666667 0.0123343889163836
0.246666666666667 0.25 0.0123343889163836
0.25 0.253333333333333 0.0123343889163836
0.253333333333333 0.256666666666667 0.0123343889163836
0.256666666666667 0.26 0.0123343889163836
0.26 0.263333333333333 0.0123343889163836
0.263333333333333 0.266666666666667 0.0123343889163836
0.266666666666667 0.27 0.0123343889163836
0.27 0.273333333333333 0.0123343889163836
0.273333333333333 0.276666666666667 0.0123343889163836
0.276666666666667 0.28 0.0123343889163836
0.28 0.283333333333333 0.0123343889163836
0.283333333333333 0.286666666666667 0.0123343889163836
0.286666666666667 0.29 0.0123343889163836
0.29 0.293333333333333 0.0123343889163836
0.293333333333333 0.296666666666667 0.0123343889163836
0.296666666666667 0.3 0.0123343889163836
0.3 0.303333333333333 0.0123343889163836
0.303333333333333 0.306666666666667 0.0123343889163836
0.306666666666667 0.31 0.0123343889163836
0.31 0.313333333333333 0.0123343889163836
0.313333333333333 0.316666666666667 0.0123343889163836
0.316666666666667 0.32 0.0123343889163836
0.32 0.323333333333333 0.0123343889163836
0.323333333333333 0.326666666666667 0.0123343889163836
0.326666666666667 0.33 0.0123343889163836
0.33 0.333333333333333 0.0123343889163836
0.333333333333333 0.336666666666667 0.0123343889163836
0.336666666666667 0.34 0.0123343889163836
0.34 0.343333333333333 0.0123343889163836
0.343333333333333 0.346666666666667 0.0123343889163836
0.346666666666667 0.35 0.0123343889163836
0.35 0.353333333333333 0.0123343889163836
0.353333333333333 0.356666666666667 0.0123343889163836
0.356666666666667 0.36 0.0123343889163836
0.36 0.363333333333333 0.0123343889163836
0.363333333333333 0.366666666666667 0.0123343889163836
0.366666666666667 0.37 0.0123343889163836
0.37 0.373333333333333 0.0123343889163836
0.373333333333333 0.376666666666667 0.0123343889163836
0.376666666666667 0.38 0.0123343889163836
0.38 0.383333333333333 0.0123343889163836
0.383333333333333 0.386666666666667 0.0123343889163836
0.386666666666667 0.39 0.0123343889163836
0.39 0.393333333333333 0.0123343889163836
0.393333333333333 0.396666666666667 0.0123343889163836
0.396666666666667 0.4 0.0123343889163836
0.4 0.403333333333333 0.0123343889163836
0.403333333333333 0.406666666666667 0.0123343889163836
0.406666666666667 0.41 0.0123343889163836
0.41 0.413333333333333 0.0123343889163836
0.413333333333333 0.416666666666667 0.0123343889163836
0.416666666666667 0.42 0.0123343889163836
0.42 0.423333333333333 0.0123343889163836
0.423333333333333 0.426666666666667 0.0123343889163836
0.426666666666667 0.43 0.0123343889163836
0.43 0.433333333333333 0.0123343889163836
0.433333333333333 0.436666666666667 0.0123343889163836
0.436666666666667 0.44 0.0123343889163836
0.44 0.443333333333333 0.0123343889163836
0.443333333333333 0.446666666666667 0.0123343889163836
0.446666666666667 0.45 0.0123343889163836
0.45 0.453333333333333 0.0123343889163836
0.453333333333333 0.456666666666667 0.0123343889163836
0.456666666666667 0.46 0.0123343889163836
0.46 0.463333333333333 0.0123343889163836
0.463333333333333 0.466666666666667 0.0123343889163836
0.466666666666667 0.47 0.0123343889163836
0.47 0.473333333333333 0.0123343889163836
0.473333333333333 0.476666666666667 0.0123343889163836
0.476666666666667 0.48 0.0123343889163836
0.48 0.483333333333333 0.0123343889163836
0.483333333333333 0.486666666666667 0.0123343889163836
0.486666666666667 0.49 0.0123343889163836
0.49 0.493333333333333 0.0123343889163836
0.493333333333333 0.496666666666667 0.0123343889163836
0.496666666666667 0.5 0.0123343889163836
0.5 0.503333333333333 0.0123343889163836
0.503333333333333 0.506666666666667 0.0123343889163836
0.506666666666667 0.51 0.0123343889163836
0.51 0.513333333333333 0.0123343889163836
0.513333333333333 0.516666666666667 0.0123343889163836
0.516666666666667 0.52 0.0123343889163836
0.52 0.523333333333333 0.0123343889163836
0.523333333333333 0.526666666666667 0.0123343889163836
0.526666666666667 0.53 0.0123343889163836
0.53 0.533333333333333 0.0123343889163836
0.533333333333333 0.536666666666667 0.0123343889163836
0.536666666666667 0.54 0.0123343889163836
0.54 0.543333333333333 0.0123343889163836
0.543333333333333 0.546666666666667 0.0123343889163836
0.546666666666667 0.55 0.0123343889163836
0.55 0.553333333333333 0.0123343889163836
0.553333333333333 0.556666666666667 0.0123343889163836
0.556666666666667 0.56 0.0123343889163836
0.56 0.563333333333333 0.0123343889163836
0.563333333333333 0.566666666666667 0.0123343889163836
0.566666666666667 0.57 0.0123343889163836
0.57 0.573333333333333 0.0123343889163836
0.573333333333333 0.576666666666667 0.0123343889163836
0.576666666666667 0.58 0.0123343889163836
0.58 0.583333333333333 0.0123343889163836
0.583333333333333 0.586666666666667 0.0123343889163836
0.586666666666667 0.59 0.0123343889163836
0.59 0.593333333333333 0.0123343889163836
0.593333333333333 0.596666666666667 0.0123343889163836
0.596666666666667 0.6 0.0123343889163836
0.6 0.603333333333333 0.0123343889163836
0.603333333333333 0.606666666666667 0.417961985931343
0.606666666666667 0.61 0.0702941350230468
0.61 0.613333333333333 0
0.613333333333333 0.616666666666667 0.936112932573413
0.616666666666667 0.62 1.26538365193376
0.62 0.623333333333333 1.26538365193376
0.623333333333333 0.626666666666667 1.26538365193376
0.626666666666667 0.63 1.26538365193376
0.63 0.633333333333333 1.83671289219302
0.633333333333333 0.636666666666667 0.000309466890668527
0.636666666666667 0.64 0
0.64 0.643333333333333 0
0.643333333333333 0.646666666666667 0
0.646666666666667 0.65 0.116196014112144
0.65 0.653333333333333 0.0220814618005916
0.653333333333333 0.656666666666667 0.109024699508872
0.656666666666667 0.66 0.0330607853964039
0.66 0.663333333333333 0.0110513705124183
0.663333333333333 0.666666666666667 0.0192301537681388
0.666666666666667 0.67 0.0192301537681388
0.67 0.673333333333333 0.0192301537681388
0.673333333333333 0.676666666666667 1.67010455956642
0.676666666666667 0.68 0.63649616240295
0.68 0.683333333333333 0.63649616240295
0.683333333333333 0.686666666666667 0.63649616240295
0.686666666666667 0.69 0.63649616240295
0.69 0.693333333333333 0.63649616240295
0.693333333333333 0.696666666666667 0.63649616240295
0.696666666666667 0.7 0.63649616240295
0.7 0.703333333333333 0.63649616240295
0.703333333333333 0.706666666666667 0.63649616240295
0.706666666666667 0.71 0.63649616240295
0.71 0.713333333333333 0.63649616240295
0.713333333333333 0.716666666666667 0.63649616240295
0.716666666666667 0.72 0.63649616240295
0.72 0.723333333333333 0.63649616240295
0.723333333333333 0.726666666666667 0.63649616240295
0.726666666666667 0.73 0.63649616240295
0.73 0.733333333333333 0.63649616240295
0.733333333333333 0.736666666666667 0.550512218047559
0.736666666666667 0.74 0.765512207016276
0.74 0.743333333333333 1.27732496929163
0.743333333333333 0.746666666666667 0
0.746666666666667 0.75 0.650761451890919
0.75 0.753333333333333 0.235532820119564
0.753333333333333 0.756666666666667 0.0527060460618688
0.756666666666667 0.76 0.391962338444151
0.76 0.763333333333333 0.447588498964077
0.763333333333333 0.766666666666667 0.142868819596769
0.766666666666667 0.77 0.0173966839593404
0.77 0.773333333333333 0.107324629912979
0.773333333333333 0.776666666666667 0.658204427656506
0.776666666666667 0.78 0.217466866751993
0.78 0.783333333333333 0.201819615868138
0.783333333333333 0.786666666666667 0.471780168505018
0.786666666666667 0.79 1.38651169335059
0.79 0.793333333333333 0.98088366427016
0.793333333333333 0.796666666666667 0.482617558594953
0.796666666666667 0.8 0.0015628888101511
0.8 0.803333333333333 1.68519477004707
0.803333333333333 0.806666666666667 0.461928643794186
0.806666666666667 0.81 0.482818036971595
0.81 0.813333333333333 0
0.813333333333333 0.816666666666667 0.658246770072262
0.816666666666667 0.82 0
0.82 0.823333333333333 1.00680294758051
0.823333333333333 0.826666666666667 1.34795438711699
0.826666666666667 0.83 1.83479851812554
0.83 0.833333333333333 0.0458743349155818
0.833333333333333 0.836666666666667 0.605836688855221
0.836666666666667 0.84 0.620767899244052
0.84 0.843333333333333 0.242481188941915
0.843333333333333 0.846666666666667 0
0.846666666666667 0.85 2.42100517662301
0.85 0.853333333333333 1.12506088611708
0.853333333333333 0.856666666666667 1.66157774757711
0.856666666666667 0.86 0.684277526273071
0.86 0.863333333333333 2.1864895466289
0.863333333333333 0.866666666666667 0.643514849880039
0.866666666666667 0.87 1.02030488540483
0.87 0.873333333333333 0
0.873333333333333 0.876666666666667 0
0.876666666666667 0.88 0.0201977643812658
0.88 0.883333333333333 0.276923287636004
0.883333333333333 0.886666666666667 0.822999489534881
0.886666666666667 0.89 1.4298652503159
0.89 0.893333333333333 0.307941699570363
0.893333333333333 0.896666666666667 0.429001582659788
0.896666666666667 0.9 4.8897301477871
0.9 0.903333333333333 4.2251563190339
0.903333333333333 0.906666666666667 0.435720632735581
0.906666666666667 0.91 0.93721448348128
0.91 0.913333333333333 0.724109425634029
0.913333333333333 0.916666666666667 0.187074841728275
0.916666666666667 0.92 0.474005197643196
0.92 0.923333333333333 0
0.923333333333333 0.926666666666667 0
0.926666666666667 0.93 0
0.93 0.933333333333333 0.181982842184469
0.933333333333333 0.936666666666667 0.0264106497625825
0.936666666666667 0.94 0
0.94 0.943333333333333 0.578411225327252
0.943333333333333 0.946666666666667 1.20983169865777
0.946666666666667 0.95 0.666474268709376
0.95 0.953333333333333 0.598007338545857
0.953333333333333 0.956666666666667 3.26941022362809
0.956666666666667 0.96 0.417379561681959
0.96 0.963333333333333 2.51880870389097
0.963333333333333 0.966666666666667 2.09661193630215
0.966666666666667 0.97 1.45873262432328
0.97 0.973333333333333 2.45390026491286
0.973333333333333 0.976666666666667 0.0747123284712195
0.976666666666667 0.98 1.27902601103482
0.98 0.983333333333333 0.847832128195971
0.983333333333333 0.986666666666667 0.946751896597673
0.986666666666667 0.99 1.05626018538038
0.99 0.993333333333333 2.92650200590319
0.993333333333333 0.996666666666667 0.655019025001771
0.996666666666667 1 0.364634629728069
