0 0.00333333333333333 0.472422649854301
0.00333333333333333 0.00666666666666667 1.36507292893201
0.00666666666666667 0.01 2.51496094487547
0.01 0.0133333333333333 2.31941189512848
0.0133333333333333 0.0166666666666667 0.207559713612298
0.0166666666666667 0.02 0
0.02 0.0233333333333333 1.78597544441472
0.0233333333333333 0.0266666666666667 0.0698551565086744
0.0266666666666667 0.03 0.238151676930824
0.03 0.0333333333333333 1.32021167951995
0.0333333333333333 0.0366666666666667 0.766726851060104
0.0366666666666667 0.04 5.93181005256012
0.04 0.0433333333333333 1.20819795111105
0.0433333333333333 0.0466666666666667 1.57997105846691
0.0466666666666667 0.05 1.1724263869753
0.05 0.0533333333333333 0.159266352163898
0.0533333333333333 0.0566666666666667 0.119238619130067
0.0566666666666667 0.06 0.094029975496406
0.06 0.0633333333333333 0.738125197314861
0.0633333333333333 0.0666666666666667 0.781947329279026
0.0666666666666667 0.07 7.24065787021872
0.07 0.0733333333333333 2.66969536235704
0.0733333333333333 0.0766666666666667 2.02125615433435
0.0766666666666667 0.08 1.1817875173812
0.08 0.0833333333333333 3.38077931036037
0.0833333333333333 0.0866666666666667 0.405710229535505
0.0866666666666667 0.09 0.0275516266443038
0.09 0.0933333333333333 3.2126802438566
0.0933333333333333 0.0966666666666667 2.46987275307692
0.0966666666666667 0.1 5.69950303321645
0.1 0.103333333333333 0.468971959002888
0.103333333333333 0.106666666666667 0.437406228138332
0.106666666666667 0.11 0.420057827494918
0.11 0.113333333333333 0.849177904109004
0.113333333333333 0.116666666666667 0.978871427374431
0.116666666666667 0.12 1.29894790161547
0.12 0.123333333333333 0.721290090446127
0.123333333333333 0.126666666666667 1.1321391986286
0.126666666666667 0.13 0.298212341370298
0.13 0.133333333333333 1.2454471791436
0.133333333333333 0.136666666666667 0.211918065993304
0.136666666666667 0.14 0.135227309749141
0.14 0.143333333333333 5.76106642134981
0.143333333333333 0.146666666666667 0.459895343706946
0.146666666666667 0.15 0.373063146823659
0.15 0.153333333333333 2.42326336678577
0.153333333333333 0.156666666666667 1.28134112582285
0.156666666666667 0.16 1.83467613558204
0.16 0.163333333333333 0.400787275605624
0.163333333333333 0.166666666666667 0.571151337303266
0.166666666666667 0.17 0.624046520023271
0.17 0.173333333333333 1.05988996736782
0.173333333333333 0.176666666666667 0.987135219510765
0.176666666666667 0.18 1.30779768254129
0.18 0.183333333333333 2.12791745573927
0.183333333333333 0.186666666666667 0.180787965135752
0.186666666666667 0.19 3.51679816404488
0.19 0.193333333333333 4.14076323972764
0.193333333333333 0.196666666666667 1.17645086076676
0.196666666666667 0.2 0.0147454222380633
0.2 0.203333333333333 3.57570650988412
0.203333333333333 0.206666666666667 0.211032115753422
0.206666666666667 0.21 0.401188664424376
0.21 0.213333333333333 0.182213349111061
0.213333333333333 0.216666666666667 0.237998509722807
0.216666666666667 0.22 0.585453136323187
0.22 0.223333333333333 0.861637808043523
0.223333333333333 0.226666666666667 2.73417011562275
0.226666666666667 0.23 7.70554583841208
0.23 0.233333333333333 5.12176064523196
0.233333333333333 0.236666666666667 0.742332758847919
0.236666666666667 0.24 0.487589227906227
0.24 0.243333333333333 1.13404104279753
0.243333333333333 0.246666666666667 2.12838505859082
0.246666666666667 0.25 1.37002645149368
0.25 0.253333333333333 1.45273912018279
0.253333333333333 0.256666666666667 1.76875698746048
0.256666666666667 0.26 3.99938645020445
0.26 0.263333333333333 1.21497965067954
0.263333333333333 0.266666666666667 1.18905334630536
0.266666666666667 0.27 2.42266517214685
0.27 0.273333333333333 1.99759927382507
0.273333333333333 0.276666666666667 0.685661539979925
0.276666666666667 0.28 0.375218289372566
0.28 0.283333333333333 0
0.283333333333333 0.286666666666667 0.223632116915583
0.286666666666667 0.29 1.62242375893372
0.29 0.293333333333333 3.14611386166561
0.293333333333333 0.296666666666667 0.415124071928364
0.296666666666667 0.3 0.383879365705716
0.3 0.303333333333333 0.258728902808396
0.303333333333333 0.306666666666667 0.203233982174042
0.306666666666667 0.31 0.525553740319235
0.31 0.313333333333333 2.37234553167504
0.313333333333333 0.316666666666667 4.39174153615801
0.316666666666667 0.32 0.0568566829696625
0.32 0.323333333333333 1.59744400198115
0.323333333333333 0.326666666666667 9.82985867997735
0.326666666666667 0.33 3.44052165056711
0.33 0.333333333333333 2.99677972243849
0.333333333333333 0.336666666666667 1.06346098845176
0.336666666666667 0.34 0.487881520194586
0.34 0.343333333333333 0
0.343333333333333 0.346666666666667 0.227900167614008
0.346666666666667 0.35 1.03658014344482
0.35 0.353333333333333 3.41319945068573
0.353333333333333 0.356666666666667 4.08072407054514
0.356666666666667 0.36 1.50835253477144
0.36 0.363333333333333 1.83603130891898
0.363333333333333 0.366666666666667 1.27791905930862
0.366666666666667 0.37 0.740948529108332
0.37 0.373333333333333 0.874838380204678
0.373333333333333 0.376666666666667 1.3096531876889
0.376666666666667 0.38 2.76537118323324
0.38 0.383333333333333 0
0.383333333333333 0.386666666666667 0
0.386666666666667 0.39 0.117457861308231
0.39 0.393333333333333 2.3734286117842
0.393333333333333 0.396666666666667 3.410275015573
0.396666666666667 0.4 0.607628140297363
0.4 0.403333333333333 0.225312527532732
0.403333333333333 0.406666666666667 0.0496387052959651
0.406666666666667 0.41 0.0747543468378757
0.41 0.413333333333333 0.652470270812516
0.413333333333333 0.416666666666667 0.901891403300177
0.416666666666667 0.42 0.255883211627013
0.42 0.423333333333333 0.19308757278205
0.423333333333333 0.426666666666667 0
0.426666666666667 0.43 1.5510644745184
0.43 0.433333333333333 0.800506485377066
0.433333333333333 0.436666666666667 0.31110063821525
0.436666666666667 0.44 0.726713592219414
0.44 0.443333333333333 1.35925073874914
0.443333333333333 0.446666666666667 1.15008860233647
0.446666666666667 0.45 2.13480576746172
0.45 0.453333333333333 0.970729477699764
0.453333333333333 0.456666666666667 2.18989389845899
0.456666666666667 0.46 0
0.46 0.463333333333333 0.216060493657227
0.463333333333333 0.466666666666667 0.0707407826994567
0.466666666666667 0.47 1.38593618214867
0.47 0.473333333333333 0.214638242156552
0.473333333333333 0.476666666666667 0.928702253701477
0.476666666666667 0.48 0.148769861727349
0.48 0.483333333333333 0.754298703937402
0.483333333333333 0.486666666666667 0.735298084948555
0.486666666666667 0.49 0.366009786092852
0.49 0.493333333333333 1.45613126616343
0.493333333333333 0.496666666666667 0.436976214982398
0.496666666666667 0.5 1.19704385703388
0.5 0.503333333333333 0.454643371924019
0.503333333333333 0.506666666666667 1.01499717717667
0.506666666666667 0.51 0.856836804591675
0.51 0.513333333333333 1.5320399839125
0.513333333333333 0.516666666666667 0.300658480011163
0.516666666666667 0.52 2.22129868493712
0.52 0.523333333333333 0.485822080146598
0.523333333333333 0.526666666666667 0.0873204308608855
0.526666666666667 0.53 0.0376146474011838
0.53 0.533333333333333 0
0.533333333333333 0.536666666666667 0
0.536666666666667 0.54 0.26500454569878
0.54 0.543333333333333 0
0.543333333333333 0.546666666666667 0
0.546666666666667 0.55 0
0.55 0.553333333333333 0
0.553333333333333 0.556666666666667 0
0.556666666666667 0.56 0
0.56 0.563333333333333 0
0.563333333333333 0.566666666666667 0
0.566666666666667 0.57 0.0407577076401621
0.57 0.573333333333333 0.0727001995918571
0.573333333333333 0.576666666666667 0.629105142509759
0.576666666666667 0.58 1.23220329241939
0.58 0.583333333333333 0.937577742522577
0.583333333333333 0.586666666666667 0.771979038875764
0.586666666666667 0.59 4.63423374276933
0.59 0.593333333333333 1.36733857222408
0.593333333333333 0.596666666666667 0.76770504727717
0.596666666666667 0.6 2.12208781242709
0.6 0.603333333333333 1.00646075173072
0.603333333333333 0.606666666666667 2.96099087568407
0.606666666666667 0.61 0.0674041571313063
0.61 0.613333333333333 0
0.613333333333333 0.616666666666667 0
0.616666666666667 0.62 0
0.62 0.623333333333333 0.454786277577197
0.623333333333333 0.626666666666667 3.6422599301111
0.626666666666667 0.63 0.235712127288329
0.63 0.633333333333333 0.198616930594728
0.633333333333333 0.636666666666667 0.444128842754226
0.636666666666667 0.64 0.345717183341601
0.64 0.643333333333333 1.76316098354953
0.643333333333333 0.646666666666667 0.193115657037398
0.646666666666667 0.65 0.252459524867282
0.65 0.653333333333333 0.282789872545599
0.653333333333333 0.656666666666667 0.295705173482232
0.656666666666667 0.66 1.10556695638139
0.66 0.663333333333333 0.224238736831114
0.663333333333333 0.666666666666667 0.655909295896322
0.666666666666667 0.67 2.03646982752217
0.67 0.673333333333333 0.820020506156959
0.673333333333333 0.676666666666667 1.65108190523876
0.676666666666667 0.68 0.143266103793585
0.68 0.683333333333333 0.00133918691466262
0.683333333333333 0.686666666666667 0.0709064798060136
0.686666666666667 0.69 0.287726112488587
0.69 0.693333333333333 0.435017338171831
0.693333333333333 0.696666666666667 0.565621439408754
0.696666666666667 0.7 0.296712858167414
0.7 0.703333333333333 0
0.703333333333333 0.706666666666667 1.67972492925246
0.706666666666667 0.71 2.86896676411776
0.71 0.713333333333333 0.0766058553799173
0.713333333333333 0.716666666666667 0.0225615945506864
0.716666666666667 0.72 0.0340044163761178
0.72 0.723333333333333 0.105102841265803
0.723333333333333 0.726666666666667 0.211541304906166
0.726666666666667 0.73 0
0.73 0.733333333333333 0.688517816765247
0.733333333333333 0.736666666666667 1.27352182103559
0.736666666666667 0.74 0
0.74 0.743333333333333 0
0.743333333333333 0.746666666666667 1.50833319984179
0.746666666666667 0.75 2.47377668060311
0.75 0.753333333333333 1.04677872474195
0.753333333333333 0.756666666666667 0
0.756666666666667 0.76 0.163424874266463
0.76 0.763333333333333 1.46172176123968
0.763333333333333 0.766666666666667 0
0.766666666666667 0.77 0
0.77 0.773333333333333 1.15008773820554
0.773333333333333 0.776666666666667 1.34539159080006
0.776666666666667 0.78 1.81926090385392
0.78 0.783333333333333 2.57633303602336
0.783333333333333 0.786666666666667 0.900247178165882
0.786666666666667 0.79 1.97056882615021
0.79 0.793333333333333 3.19030303324391
0.793333333333333 0.796666666666667 0.667550975852895
0.796666666666667 0.8 0.148357455239191
0.8 0.803333333333333 0.542137709135332
0.803333333333333 0.806666666666667 0.784039390269765
0.806666666666667 0.81 0
0.81 0.813333333333333 1.03773483840512
0.813333333333333 0.816666666666667 0.263783420672949
0.816666666666667 0.82 1.36296250515893
0.82 0.823333333333333 1.68668604400609
0.823333333333333 0.826666666666667 0.650230119382996
0.826666666666667 0.83 1.44659968593084
0.83 0.833333333333333 0.640905390492685
0.833333333333333 0.836666666666667 2.01170394297571
0.836666666666667 0.84 1.26715522836442
0.84 0.843333333333333 0
0.843333333333333 0.846666666666667 0.243736339123265
0.846666666666667 0.85 0.505675380334376
0.85 0.853333333333333 0.814232773195074
0.853333333333333 0.856666666666667 0.23786878206637
0.856666666666667 0.86 0.0592497855744657
0.86 0.863333333333333 1.60957283575166
0.863333333333333 0.866666666666667 0.0795193808396039
0.866666666666667 0.87 2.02252610275794
0.87 0.873333333333333 1.8724246152616
0.873333333333333 0.876666666666667 2.95604275394074
0.876666666666667 0.88 0.582591242686795
0.88 0.883333333333333 0.489128245099332
0.883333333333333 0.886666666666667 0.434628371235253
0.886666666666667 0.89 0.478555819156974
0.89 0.893333333333333 0.102508936235257
0.893333333333333 0.896666666666667 1.51410321811954
0.896666666666667 0.9 0.180641818991572
0.9 0.903333333333333 0.384192073087386
0.903333333333333 0.906666666666667 0.432281823684508
0.906666666666667 0.91 0.347978938044466
0.91 0.913333333333333 0.0411275556798302
0.913333333333333 0.916666666666667 0.117160168201535
0.916666666666667 0.92 0.391113545834422
0.92 0.923333333333333 2.21309624609709
0.923333333333333 0.926666666666667 3.49371290614831
0.926666666666667 0.93 0.0913150921351275
0.93 0.933333333333333 0.0813554430412038
0.933333333333333 0.936666666666667 0.149639069430389
0.936666666666667 0.94 0.227098686172905
0.94 0.943333333333333 0.131699171162786
0.943333333333333 0.946666666666667 0.129755200610828
0.946666666666667 0.95 1.87050322013029
0.95 0.953333333333333 0.692705611303194
0.953333333333333 0.956666666666667 0
0.956666666666667 0.96 0
0.96 0.963333333333333 0
0.963333333333333 0.966666666666667 0.0782923149136024
0.966666666666667 0.97 0.624880730423492
0.97 0.973333333333333 1.01790400562162
0.973333333333333 0.976666666666667 2.09392880975269
0.976666666666667 0.98 0.316740280738354
0.98 0.983333333333333 0.144407728773507
0.983333333333333 0.986666666666667 0.0773948069224803
0.986666666666667 0.99 0.895013569165298
0.99 0.993333333333333 2.04229871471978
0.993333333333333 0.996666666666667 0.538799787370781
0.996666666666667 1 0.143766111555157
