0 0.00333333333333333 0.745861437516108
0.00333333333333333 0.00666666666666667 0.0537385745113978
0.00666666666666667 0.01 0.133695313619873
0.01 0.0133333333333333 0.742023940055451
0.0133333333333333 0.0166666666666667 0.102067149295349
0.0166666666666667 0.02 0
0.02 0.0233333333333333 0.170857156411744
0.0233333333333333 0.0266666666666667 0.141381326210592
0.0266666666666667 0.03 0.596444449735706
0.03 0.0333333333333333 0
0.0333333333333333 0.0366666666666667 0.442443787433309
0.0366666666666667 0.04 0.082344980976776
0.04 0.0433333333333333 1.05682554304382
0.0433333333333333 0.0466666666666667 0.693992410279994
0.0466666666666667 0.05 0.398069799851544
0.05 0.0533333333333333 1.62670963233266
0.0533333333333333 0.0566666666666667 0.992912690917811
0.0566666666666667 0.06 1.5540159137228
0.06 0.0633333333333333 0.667673790461862
0.0633333333333333 0.0666666666666667 0.378833381134135
0.0666666666666667 0.07 0.000665920900862641
0.07 0.0733333333333333 0
0.0733333333333333 0.0766666666666667 0.242908393672314
0.0766666666666667 0.08 0.351117785645142
0.08 0.0833333333333333 2.15035774791012
0.0833333333333333 0.0866666666666667 2.65657861089646
0.0866666666666667 0.09 0.155893541112895
0.09 0.0933333333333333 2.45395135665432
0.0933333333333333 0.0966666666666667 0.0614852923002164
0.0966666666666667 0.1 0.0301113985029645
0.1 0.103333333333333 0.0440417292377172
0.103333333333333 0.106666666666667 0.979232634104761
0.106666666666667 0.11 1.12279243439947
0.11 0.113333333333333 0.859383506469962
0.113333333333333 0.116666666666667 0.460253525979007
0.116666666666667 0.12 1.7178633480159
0.12 0.123333333333333 0
0.123333333333333 0.126666666666667 1.05934167629032
0.126666666666667 0.13 2.59602290744828
0.13 0.133333333333333 0.388198184096501
0.133333333333333 0.136666666666667 0.403897498869117
0.136666666666667 0.14 0.505965620311767
0.14 0.143333333333333 0
0.143333333333333 0.146666666666667 0
0.146666666666667 0.15 0
0.15 0.153333333333333 1.1374801758977
0.153333333333333 0.156666666666667 0.108275065923797
0.156666666666667 0.16 0.649748906469234
0.16 0.163333333333333 0.346936904154665
0.163333333333333 0.166666666666667 4.61976851498656
0.166666666666667 0.17 0.342962441941001
0.17 0.173333333333333 0
0.173333333333333 0.176666666666667 0
0.176666666666667 0.18 0.3660368982009
0.18 0.183333333333333 1.44392379647795
0.183333333333333 0.186666666666667 0.444976231151188
0.186666666666667 0.19 1.37265697407254
0.19 0.193333333333333 0.192482897161121
0.193333333333333 0.196666666666667 2.40236403610262
0.196666666666667 0.2 1.79736879474419
0.2 0.203333333333333 3.24466637442045
0.203333333333333 0.206666666666667 1.9318567324631
0.206666666666667 0.21 1.96917325469212
0.21 0.213333333333333 0.227134655623024
0.213333333333333 0.216666666666667 0.310041537739506
0.216666666666667 0.22 0.472348658643094
0.22 0.223333333333333 0.861342275264162
0.223333333333333 0.226666666666667 0.0996569801046036
0.226666666666667 0.23 0
0.23 0.233333333333333 0.447633109723535
0.233333333333333 0.236666666666667 0
0.236666666666667 0.24 0
0.24 0.243333333333333 0
0.243333333333333 0.246666666666667 0.110313118731173
0.246666666666667 0.25 0
0.25 0.253333333333333 0.751690972811916
0.253333333333333 0.256666666666667 0.531976501501099
0.256666666666667 0.26 0.735027071884441
0.26 0.263333333333333 0
0.263333333333333 0.266666666666667 0
0.266666666666667 0.27 0
0.27 0.273333333333333 0.33182638659707
0.273333333333333 0.276666666666667 0.318082168062185
0.276666666666667 0.28 0
0.28 0.283333333333333 0.18734056199042
0.283333333333333 0.286666666666667 0.241766552659659
0.286666666666667 0.29 0.633481857673109
0.29 0.293333333333333 1.29885878811292
0.293333333333333 0.296666666666667 0.0152447819014352
0.296666666666667 0.3 0.592119474412018
0.3 0.303333333333333 1.78392594187247
0.303333333333333 0.306666666666667 0.631608529824989
0.306666666666667 0.31 1.54924029411714
0.31 0.313333333333333 0.165268497613734
0.313333333333333 0.316666666666667 0.675984137652255
0.316666666666667 0.32 0.606989439520915
0.32 0.323333333333333 0
0.323333333333333 0.326666666666667 0
0.326666666666667 0.33 2.56812778875779
0.33 0.333333333333333 0.704509855891689
0.333333333333333 0.336666666666667 0.15505252568157
0.336666666666667 0.34 0.255872301973974
0.34 0.343333333333333 0.543811854803211
0.343333333333333 0.346666666666667 0.2370681647562
0.346666666666667 0.35 1.49536011014896
0.35 0.353333333333333 1.46547057726325
0.353333333333333 0.356666666666667 0.100989794053629
0.356666666666667 0.36 0.345426835347843
0.36 0.363333333333333 0.307372237284986
0.363333333333333 0.366666666666667 0.0854069209243434
0.366666666666667 0.37 0.2639991293573
0.37 0.373333333333333 0.298346497697771
0.373333333333333 0.376666666666667 1.85952184422351
0.376666666666667 0.38 0.657932118395991
0.38 0.383333333333333 0.515469548354476
0.383333333333333 0.386666666666667 1.07214107566546
0.386666666666667 0.39 1.69219336647995
0.39 0.393333333333333 4.37284979766683
0.393333333333333 0.396666666666667 3.01738027985128
0.396666666666667 0.4 0.494316919291357
0.4 0.403333333333333 0.88677202840051
0.403333333333333 0.406666666666667 0.343284546746576
0.406666666666667 0.41 0.696317462573761
0.41 0.413333333333333 3.85573116344155
0.413333333333333 0.416666666666667 0.726322680988234
0.416666666666667 0.42 0.192937430032301
0.42 0.423333333333333 0.445655222032424
0.423333333333333 0.426666666666667 0.316807682951191
0.426666666666667 0.43 0.458813451777823
0.43 0.433333333333333 0.247096080193895
0.433333333333333 0.436666666666667 1.27465329247704
0.436666666666667 0.44 0.32684996456566
0.44 0.443333333333333 0.789297627001962
0.443333333333333 0.446666666666667 0.527097294199742
0.446666666666667 0.45 0.550864783468551
0.45 0.453333333333333 2.36997781291642
0.453333333333333 0.456666666666667 1.70134580926534
0.456666666666667 0.46 0.0535140084849755
0.46 0.463333333333333 0.522750499569975
0.463333333333333 0.466666666666667 0.540938619448313
0.466666666666667 0.47 1.25423647090405
0.47 0.473333333333333 5.35203566068479
0.473333333333333 0.476666666666667 2.5141441251103
0.476666666666667 0.48 0.637537008112717
0.48 0.483333333333333 3.42254556681665
0.483333333333333 0.486666666666667 2.91301281401014
0.486666666666667 0.49 0.822901950755728
0.49 0.493333333333333 0.499708664252827
0.493333333333333 0.496666666666667 2.6275780527089
0.496666666666667 0.5 3.642071981633
0.5 0.503333333333333 0.681701659975768
0.503333333333333 0.506666666666667 0.605084678910078
0.506666666666667 0.51 0.421143716029609
0.51 0.513333333333333 0.838992500808624
0.513333333333333 0.516666666666667 0.227342263079871
0.516666666666667 0.52 3.76898808006081
0.52 0.523333333333333 1.66406968515747
0.523333333333333 0.526666666666667 1.01854043805437
0.526666666666667 0.53 1.39545026372985
0.53 0.533333333333333 3.17515665425256
0.533333333333333 0.536666666666667 0.163367517575732
0.536666666666667 0.54 1.5068061724654
0.54 0.543333333333333 1.6634547479817
0.543333333333333 0.546666666666667 1.13493131369208
0.546666666666667 0.55 0.962477783396504
0.55 0.553333333333333 0.936735430894852
0.553333333333333 0.556666666666667 2.28884207516514
0.556666666666667 0.56 0.884239476666264
0.56 0.563333333333333 0.840244518515339
0.563333333333333 0.566666666666667 0
0.566666666666667 0.57 1.02549172331862
0.57 0.573333333333333 0.588577941796189
0.573333333333333 0.576666666666667 0.391621330774399
0.576666666666667 0.58 0.208663316831132
0.58 0.583333333333333 0
0.583333333333333 0.586666666666667 2.8253500792831
0.586666666666667 0.59 2.72060336797839
0.59 0.593333333333333 0.264767989855652
0.593333333333333 0.596666666666667 0.574491959476985
0.596666666666667 0.6 0.150787067375948
0.6 0.603333333333333 0
0.603333333333333 0.606666666666667 0.00713739746412015
0.606666666666667 0.61 0.717488778468323
0.61 0.613333333333333 1.03100790313456
0.613333333333333 0.616666666666667 3.42505975576855
0.616666666666667 0.62 1.08855243432753
0.62 0.623333333333333 4.71538687115566
0.623333333333333 0.626666666666667 1.18438887554105
0.626666666666667 0.63 0.234012489757903
0.63 0.633333333333333 0
0.633333333333333 0.636666666666667 0.0958303922969864
0.636666666666667 0.64 0.0882922541123147
0.64 0.643333333333333 0.00707377582411884
0.643333333333333 0.646666666666667 0
0.646666666666667 0.65 0.935638308658021
0.65 0.653333333333333 0.288907919556931
0.653333333333333 0.656666666666667 2.61443753764765
0.656666666666667 0.66 0.792589533794288
0.66 0.663333333333333 2.12528088424387
0.663333333333333 0.666666666666667 0.127723844818188
0.666666666666667 0.67 3.03687647793066
0.67 0.673333333333333 0.90736254029119
0.673333333333333 0.676666666666667 0.309732934979772
0.676666666666667 0.68 0.303056443352469
0.68 0.683333333333333 0.173154772548362
0.683333333333333 0.686666666666667 1.20406783731293
0.686666666666667 0.69 0.843017622698283
0.69 0.693333333333333 0.53303203743674
0.693333333333333 0.696666666666667 5.07913112197281
0.696666666666667 0.7 1.83936458597976
0.7 0.703333333333333 1.29822246369654
0.703333333333333 0.706666666666667 1.05565680595585
0.706666666666667 0.71 0.82936240964958
0.71 0.713333333333333 1.41860389598656
0.713333333333333 0.716666666666667 1.0075239568284
0.716666666666667 0.72 1.74301528305703
0.72 0.723333333333333 0.539815249234368
0.723333333333333 0.726666666666667 0
0.726666666666667 0.73 0
0.73 0.733333333333333 2.47355308672399
0.733333333333333 0.736666666666667 0.899735504636703
0.736666666666667 0.74 0
0.74 0.743333333333333 0
0.743333333333333 0.746666666666667 0.202433256847506
0.746666666666667 0.75 0.0461049498585407
0.75 0.753333333333333 0.462432324112227
0.753333333333333 0.756666666666667 1.52979680802472
0.756666666666667 0.76 0.558724810426065
0.76 0.763333333333333 0.16843272906059
0.763333333333333 0.766666666666667 0.346679933218225
0.766666666666667 0.77 0.0117229082643506
0.77 0.773333333333333 0.157424457078495
0.773333333333333 0.776666666666667 0.612243571631176
0.776666666666667 0.78 0
0.78 0.783333333333333 0.363200928492522
0.783333333333333 0.786666666666667 0.630013668170287
0.786666666666667 0.79 0.988470085770758
0.79 0.793333333333333 1.09942503775301
0.793333333333333 0.796666666666667 1.01283944223496
0.796666666666667 0.8 1.42814033695566
0.8 0.803333333333333 1.00845311361497
0.803333333333333 0.806666666666667 1.2412160700426
0.806666666666667 0.81 0.615263925277555
0.81 0.813333333333333 0.236707282074971
0.813333333333333 0.816666666666667 0.336978659273509
0.816666666666667 0.82 0.336978659273509
0.82 0.823333333333333 0.336978659273509
0.823333333333333 0.826666666666667 0.336978659273509
0.826666666666667 0.83 0.336978659273509
0.83 0.833333333333333 0.325720545435178
0.833333333333333 0.836666666666667 0.108267288745393
0.836666666666667 0.84 0.0123343889163836
0.84 0.843333333333333 0.0123343889163836
0.843333333333333 0.846666666666667 0.0123343889163836
0.846666666666667 0.85 0.0123343889163836
0.85 0.853333333333333 0.0123343889163836
0.853333333333333 0.856666666666667 0.0123343889163836
0.856666666666667 0.86 0.0123343889163836
0.86 0.863333333333333 0.0123343889163836
0.863333333333333 0.866666666666667 0.0123343889163836
0.866666666666667 0.87 0.0123343889163836
0.87 0.873333333333333 0.0123343889163836
0.873333333333333 0.876666666666667 0.0123343889163836
0.876666666666667 0.88 0.0123343889163836
0.88 0.883333333333333 0.0123343889163836
0.883333333333333 0.886666666666667 0.0123343889163836
0.886666666666667 0.89 0.0123343889163836
0.89 0.893333333333333 0.0123343889163836
0.893333333333333 0.896666666666667 0.0123343889163836
0.896666666666667 0.9 0.0123343889163836
0.9 0.903333333333333 0.0123343889163836
0.903333333333333 0.906666666666667 0.0123343889163836
0.906666666666667 0.91 0.0123343889163836
0.91 0.913333333333333 0.0123343889163836
0.913333333333333 0.916666666666667 0.0123343889163836
0.916666666666667 0.92 0.0123343889163836
0.92 0.923333333333333 0.0123343889163836
0.923333333333333 0.926666666666667 0.0123343889163836
0.926666666666667 0.93 0.0123343889163836
0.93 0.933333333333333 0.0123343889163836
0.933333333333333 0.936666666666667 0.0123343889163836
0.936666666666667 0.94 0.0123343889163836
0.94 0.943333333333333 0.0123343889163836
0.943333333333333 0.946666666666667 0.0123343889163836
0.946666666666667 0.95 0.0123343889163836
0.95 0.953333333333333 0.0123343889163836
0.953333333333333 0.956666666666667 0.0123343889163836
0.956666666666667 0.96 0.0123343889163836
0.96 0.963333333333333 0.0123343889163836
0.963333333333333 0.966666666666667 0.0123343889163836
0.966666666666667 0.97 0.0123343889163836
0.97 0.973333333333333 0.0123343889163836
0.973333333333333 0.976666666666667 0.0123343889163836
0.976666666666667 0.98 0.0123343889163836
0.98 0.983333333333333 0.0123343889163836
0.983333333333333 0.986666666666667 0.0123343889163836
0.986666666666667 0.99 0.0123343889163836
0.99 0.993333333333333 0.0123343889163836
0.993333333333333 0.996666666666667 0.0123343889163836
0.996666666666667 1 0.0123343889163836
