0 0.00333333333333333 1.66847772506717
0.00333333333333333 0.00666666666666667 1.56150663272248
0.00666666666666667 0.01 0.0783762436305481
0.01 0.0133333333333333 0.0472503554112978
0.0133333333333333 0.0166666666666667 0.0252070233881603
0.0166666666666667 0.02 0.00600462982626994
0.02 0.0233333333333333 0.0605746063123538
0.0233333333333333 0.0266666666666667 0.118594085469816
0.0266666666666667 0.03 1.55465267020465
0.03 0.0333333333333333 2.11832970699598
0.0333333333333333 0.0366666666666667 2.1850232244506
0.0366666666666667 0.04 0.303274204347788
0.04 0.0433333333333333 0.354296383268773
0.0433333333333333 0.0466666666666667 0
0.0466666666666667 0.05 0.00629152129629284
0.05 0.0533333333333333 0.0155316733714581
0.0533333333333333 0.0566666666666667 0.152577006588956
0.0566666666666667 0.06 0
0.06 0.0633333333333333 0.202367042814703
0.0633333333333333 0.0666666666666667 0.107848077226131
0.0666666666666667 0.07 1.82574437023388
0.07 0.0733333333333333 1.75181170389769
0.0733333333333333 0.0766666666666667 1.06132075216146
0.0766666666666667 0.08 0.397163542534717
0.08 0.0833333333333333 0
0.0833333333333333 0.0866666666666667 0
0.0866666666666667 0.09 0
0.09 0.0933333333333333 0.170189075183547
0.0933333333333333 0.0966666666666667 0.393827673081134
0.0966666666666667 0.1 0.32093239593097
0.1 0.103333333333333 0
0.103333333333333 0.106666666666667 0
0.106666666666667 0.11 0.0750742913161166
0.11 0.113333333333333 0
0.113333333333333 0.116666666666667 0.141150603251266
0.116666666666667 0.12 0.0107478445219196
0.12 0.123333333333333 0.251421595599417
0.123333333333333 0.126666666666667 0.927145197775129
0.126666666666667 0.13 0.127517749590476
0.13 0.133333333333333 0.15944144669436
0.133333333333333 0.136666666666667 0.191981809235881
0.136666666666667 0.14 1.00799436810549
0.14 0.143333333333333 0.0797966588529883
0.143333333333333 0.146666666666667 0.516582873046316
0.146666666666667 0.15 0
0.15 0.153333333333333 0.0236837765845975
0.153333333333333 0.156666666666667 0.814731808809346
0.156666666666667 0.16 1.06056593379079
0.16 0.163333333333333 4.092086312161
0.163333333333333 0.166666666666667 0.113935987671146
0.166666666666667 0.17 2.35562200571314
0.17 0.173333333333333 0.962707318175795
0.173333333333333 0.176666666666667 0.344572425887044
0.176666666666667 0.18 0.132278030872068
0.18 0.183333333333333 0.00630351111299937
0.183333333333333 0.186666666666667 0
0.186666666666667 0.19 0.455513119708892
0.19 0.193333333333333 3.09419352665531
0.193333333333333 0.196666666666667 0.885783354595872
0.196666666666667 0.2 0.185479656024473
0.2 0.203333333333333 0.209279550203301
0.203333333333333 0.206666666666667 0.553302712865546
0.206666666666667 0.21 1.20471733972605
0.21 0.213333333333333 0.00181251463365371
0.213333333333333 0.216666666666667 0.402140504647961
0.216666666666667 0.22 0
0.22 0.223333333333333 0.466757515468649
0.223333333333333 0.226666666666667 0.788753656579132
0.226666666666667 0.23 0.0454381648267443
0.23 0.233333333333333 0
0.233333333333333 0.236666666666667 0.322771482590839
0.236666666666667 0.24 0.22244436894707
0.24 0.243333333333333 0.0174019767613099
0.243333333333333 0.246666666666667 0.0987095685520543
0.246666666666667 0.25 1.13992696263677
0.25 0.253333333333333 0.724943311985149
0.253333333333333 0.256666666666667 0.0639874914354124
0.256666666666667 0.26 0.159929032573759
0.26 0.263333333333333 1.11749217930062
0.263333333333333 0.266666666666667 0.79911955522831
0.266666666666667 0.27 0
0.27 0.273333333333333 2.0659083920768
0.273333333333333 0.276666666666667 2.22824510946487
0.276666666666667 0.28 0.340926441444592
0.28 0.283333333333333 1.23654544234539
0.283333333333333 0.286666666666667 0.0624557113388782
0.286666666666667 0.29 0.323125560240965
0.29 0.293333333333333 0
0.293333333333333 0.296666666666667 0.116960661972193
0.296666666666667 0.3 0.193425123928067
0.3 0.303333333333333 0.095208866122848
0.303333333333333 0.306666666666667 0.225758527110941
0.306666666666667 0.31 0.0326911533894693
0.31 0.313333333333333 0.00224468811692239
0.313333333333333 0.316666666666667 0.223231808260499
0.316666666666667 0.32 1.15464300442308
0.32 0.323333333333333 0.173728987553874
0.323333333333333 0.326666666666667 0
0.326666666666667 0.33 0.0811006324320984
0.33 0.333333333333333 0.0121435239963797
0.333333333333333 0.336666666666667 0.268366231064011
0.336666666666667 0.34 0.667577115813643
0.34 0.343333333333333 2.08319770776761
0.343333333333333 0.346666666666667 0.47693233316509
0.346666666666667 0.35 0.138075809356059
0.35 0.353333333333333 0.138830951775837
0.353333333333333 0.356666666666667 0.397433691467897
0.356666666666667 0.36 0.186803612631428
0.36 0.363333333333333 1.50916222545641
0.363333333333333 0.366666666666667 0.4064370716672
0.366666666666667 0.37 0.449294509460139
0.37 0.373333333333333 0.442866455476305
0.373333333333333 0.376666666666667 0.532858779184513
0.376666666666667 0.38 0.472945449069252
0.38 0.383333333333333 0.158546423079673
0.383333333333333 0.386666666666667 2.14289489713306
0.386666666666667 0.39 0
0.39 0.393333333333333 0
0.393333333333333 0.396666666666667 0.967208144144513
0.396666666666667 0.4 0.859642637733736
0.4 0.403333333333333 0.636630210714057
0.403333333333333 0.406666666666667 0.0849312168452844
0.406666666666667 0.41 0.5251230790651
0.41 0.413333333333333 1.15999748373803
0.413333333333333 0.416666666666667 2.10951287106201
0.416666666666667 0.42 0.331048128674812
0.42 0.423333333333333 0.191796345134213
0.423333333333333 0.426666666666667 1.8776240910903
0.426666666666667 0.43 0.304856428087583
0.43 0.433333333333333 0.831644903494856
0.433333333333333 0.436666666666667 0
0.436666666666667 0.44 0.955196184082805
0.44 0.443333333333333 0.40815669222547
0.443333333333333 0.446666666666667 3.42597000969095
0.446666666666667 0.45 1.6082933818878
0.45 0.453333333333333 1.69640902924051
0.453333333333333 0.456666666666667 3.97970975677627
0.456666666666667 0.46 3.04993587270051
0.46 0.463333333333333 3.66778895028847
0.463333333333333 0.466666666666667 1.64834887512788
0.466666666666667 0.47 1.57313880723879
0.47 0.473333333333333 1.25281821600895
0.473333333333333 0.476666666666667 2.24861656416383
0.476666666666667 0.48 3.67652779840566
0.48 0.483333333333333 2.32087573293035
0.483333333333333 0.486666666666667 0.188337229006196
0.486666666666667 0.49 0
0.49 0.493333333333333 0
0.493333333333333 0.496666666666667 1.37138864589445
0.496666666666667 0.5 0
0.5 0.503333333333333 1.28851060414789
0.503333333333333 0.506666666666667 0.406979097795429
0.506666666666667 0.51 1.61326537524817
0.51 0.513333333333333 3.10495616941947
0.513333333333333 0.516666666666667 2.81806837195304
0.516666666666667 0.52 2.08789998426028
0.52 0.523333333333333 4.0803963488885
0.523333333333333 0.526666666666667 3.56872789647909
0.526666666666667 0.53 2.57451328429314
0.53 0.533333333333333 3.36404897936736
0.533333333333333 0.536666666666667 0.404120768699139
0.536666666666667 0.54 0
0.54 0.543333333333333 2.63142753998626
0.543333333333333 0.546666666666667 3.34108178335962
0.546666666666667 0.55 1.17039535523176
0.55 0.553333333333333 1.05275753865657
0.553333333333333 0.556666666666667 2.97064537854199
0.556666666666667 0.56 0.0497587114793971
0.56 0.563333333333333 0.543982628679004
0.563333333333333 0.566666666666667 2.29746858626093
0.566666666666667 0.57 2.97045008495095e-05
0.57 0.573333333333333 2.36733151994801
0.573333333333333 0.576666666666667 1.69082706745724
0.576666666666667 0.58 0.329177825284961
0.58 0.583333333333333 0.149932225849682
0.583333333333333 0.586666666666667 2.24759127281087
0.586666666666667 0.59 2.92263966467818
0.59 0.593333333333333 4.63400744848104
0.593333333333333 0.596666666666667 0.873483962982307
0.596666666666667 0.6 0.503165187988042
0.6 0.603333333333333 1.0727041649852
0.603333333333333 0.606666666666667 0.998316533712354
0.606666666666667 0.61 1.81774046547589
0.61 0.613333333333333 1.81774046547589
0.613333333333333 0.616666666666667 1.81774046547589
0.616666666666667 0.62 1.81774046547589
0.62 0.623333333333333 2.16082842243502
0.623333333333333 0.626666666666667 1.74134470192925
0.626666666666667 0.63 1.89018185785307
0.63 0.633333333333333 0.728963789171039
0.633333333333333 0.636666666666667 1.38605813262671
0.636666666666667 0.64 2.17958233204227
0.64 0.643333333333333 0.57067520115874
0.643333333333333 0.646666666666667 3.44644591621653
0.646666666666667 0.65 8.74932570476463e-06
0.65 0.653333333333333 0.0274480389486141
0.653333333333333 0.656666666666667 0.483927797123333
0.656666666666667 0.66 0.570836145545161
0.66 0.663333333333333 0.148109665693923
0.663333333333333 0.666666666666667 0.608953717149818
0.666666666666667 0.67 0.0893537309481261
0.67 0.673333333333333 1.08348138995887
0.673333333333333 0.676666666666667 4.07867143552826
0.676666666666667 0.68 0.264905818739593
0.68 0.683333333333333 2.24911808415454
0.683333333333333 0.686666666666667 0.683506397431018
0.686666666666667 0.69 2.53990462436156
0.69 0.693333333333333 3.35849499382307
0.693333333333333 0.696666666666667 1.46097093947457
0.696666666666667 0.7 2.05938517567388
0.7 0.703333333333333 1.15758483017085
0.703333333333333 0.706666666666667 2.86000626641604
0.706666666666667 0.71 0.126693800745094
0.71 0.713333333333333 1.16716177727747
0.713333333333333 0.716666666666667 0.806333212247339
0.716666666666667 0.72 0.108604947907776
0.72 0.723333333333333 1.78065455818983
0.723333333333333 0.726666666666667 2.89721574442564
0.726666666666667 0.73 1.88762295012534
0.73 0.733333333333333 3.82885075050008
0.733333333333333 0.736666666666667 0.350198026282474
0.736666666666667 0.74 0.537048842066161
0.74 0.743333333333333 0.0733839431932294
0.743333333333333 0.746666666666667 0.0393307034193517
0.746666666666667 0.75 0.296434283957629
0.75 0.753333333333333 0.930026642373899
0.753333333333333 0.756666666666667 0.95437266730289
0.756666666666667 0.76 1.34384393229762
0.76 0.763333333333333 3.4323009569611
0.763333333333333 0.766666666666667 0.613135894836696
0.766666666666667 0.77 0.0727155379159321
0.77 0.773333333333333 2.46290526535766
0.773333333333333 0.776666666666667 0.216742941062198
0.776666666666667 0.78 0.467319416608355
0.78 0.783333333333333 0.791267737514668
0.783333333333333 0.786666666666667 0.0361949882933107
0.786666666666667 0.79 0.377584495902055
0.79 0.793333333333333 1.24244097564126
0.793333333333333 0.796666666666667 1.65997705303861
0.796666666666667 0.8 1.43178027248157
0.8 0.803333333333333 0.162952518694772
0.803333333333333 0.806666666666667 0.207634460938072
0.806666666666667 0.81 0
0.81 0.813333333333333 0.821210630485541
0.813333333333333 0.816666666666667 1.47934776394558
0.816666666666667 0.82 0.257205007906633
0.82 0.823333333333333 0.388276279929644
0.823333333333333 0.826666666666667 0.643016354347601
0.826666666666667 0.83 0.912133299160354
0.83 0.833333333333333 1.00063996576062
0.833333333333333 0.836666666666667 0
0.836666666666667 0.84 2.28772216147493
0.84 0.843333333333333 0.840405894967227
0.843333333333333 0.846666666666667 0
0.846666666666667 0.85 0.135903600221209
0.85 0.853333333333333 0.302628590523869
0.853333333333333 0.856666666666667 2.72750356150119
0.856666666666667 0.86 2.44335786752045
0.86 0.863333333333333 2.17789932903232
0.863333333333333 0.866666666666667 1.87592985437821
0.866666666666667 0.87 2.18531854119723
0.87 0.873333333333333 0.420071005491658
0.873333333333333 0.876666666666667 0.40505392209128
0.876666666666667 0.88 2.70141944521521
0.88 0.883333333333333 1.30058823816056
0.883333333333333 0.886666666666667 0.668609428230438
0.886666666666667 0.89 2.27627221056929
0.89 0.893333333333333 1.88256951242446
0.893333333333333 0.896666666666667 0.617004068945502
0.896666666666667 0.9 0.926463830533825
0.9 0.903333333333333 1.09154437966946
0.903333333333333 0.906666666666667 0.177956316082043
0.906666666666667 0.91 2.33982688042323
0.91 0.913333333333333 0.202073994411777
0.913333333333333 0.916666666666667 0.171072325014261
0.916666666666667 0.92 0.0497078357706694
0.92 0.923333333333333 0.299551096219493
0.923333333333333 0.926666666666667 0.160094729680316
0.926666666666667 0.93 0.168449795646533
0.93 0.933333333333333 2.41883955648653
0.933333333333333 0.936666666666667 1.46813771739044
0.936666666666667 0.94 0.78736629436491
0.94 0.943333333333333 3.11391115828648
0.943333333333333 0.946666666666667 1.51150780085986
0.946666666666667 0.95 0
0.95 0.953333333333333 0.299212572926176
0.953333333333333 0.956666666666667 0.396963928289008
0.956666666666667 0.96 7.16209043761906
0.96 0.963333333333333 1.21177037640776
0.963333333333333 0.966666666666667 0.42296951667637
0.966666666666667 0.97 2.22308322333179
0.97 0.973333333333333 3.28443497619051
0.973333333333333 0.976666666666667 0.370147461036638
0.976666666666667 0.98 2.79816797662937
0.98 0.983333333333333 2.10315319143832
0.983333333333333 0.986666666666667 0.438714846421211
0.986666666666667 0.99 1.45529813592688
0.99 0.993333333333333 0.933717885674009
0.993333333333333 0.996666666666667 0.455856287705979
0.996666666666667 1 0.46633095883645
