0 0.00333333333333333 3.24289350179338
0.00333333333333333 0.00666666666666667 2.6989487868591
0.00666666666666667 0.01 1.9486348066902
0.01 0.0133333333333333 0.0603285450289532
0.0133333333333333 0.0166666666666667 2.35687737192722
0.0166666666666667 0.02 0.859457713713902
0.02 0.0233333333333333 0.0910357618107754
0.0233333333333333 0.0266666666666667 0.322900562149076
0.0266666666666667 0.03 0.000665596851762465
0.03 0.0333333333333333 0.916162417655582
0.0333333333333333 0.0366666666666667 1.9120943820561
0.0366666666666667 0.04 4.44323682676526
0.04 0.0433333333333333 1.39979759844146
0.0433333333333333 0.0466666666666667 0.461064836909482
0.0466666666666667 0.05 4.74631357719467
0.05 0.0533333333333333 5.63639069038425
0.0533333333333333 0.0566666666666667 1.61492925936121
0.0566666666666667 0.06 0.793138580986353
0.06 0.0633333333333333 0.722120196224412
0.0633333333333333 0.0666666666666667 0.635229454470361
0.0666666666666667 0.07 0.0965544260031474
0.07 0.0733333333333333 2.77063536086561
0.0733333333333333 0.0766666666666667 2.12540823554024
0.0766666666666667 0.08 0.824226339428149
0.08 0.0833333333333333 0.251793495950053
0.0833333333333333 0.0866666666666667 0
0.0866666666666667 0.09 0.189608041560722
0.09 0.0933333333333333 0.0309012141764612
0.0933333333333333 0.0966666666666667 0.160575618544978
0.0966666666666667 0.1 7.15946812428407
0.1 0.103333333333333 0.511646525086961
0.103333333333333 0.106666666666667 1.57238668927728
0.106666666666667 0.11 3.39604537148605
0.11 0.113333333333333 3.68873299974744
0.113333333333333 0.116666666666667 3.12647011322928
0.116666666666667 0.12 0.510358537930126
0.12 0.123333333333333 2.08450513787046
0.123333333333333 0.126666666666667 0
0.126666666666667 0.13 0.535169141252404
0.13 0.133333333333333 0.617405889829721
0.133333333333333 0.136666666666667 0.514926982144414
0.136666666666667 0.14 0
0.14 0.143333333333333 0
0.143333333333333 0.146666666666667 0.287020873630236
0.146666666666667 0.15 0.166726394515428
0.15 0.153333333333333 0.649730759719624
0.153333333333333 0.156666666666667 2.1122394201909
0.156666666666667 0.16 5.29848741101157
0.16 0.163333333333333 3.05010621451083
0.163333333333333 0.166666666666667 6.01532938747594
0.166666666666667 0.17 0.0458658016226105
0.17 0.173333333333333 0
0.173333333333333 0.176666666666667 0.10283374145
0.176666666666667 0.18 1.59117332784364
0.18 0.183333333333333 1.6005319738731
0.183333333333333 0.186666666666667 1.54465175885864
0.186666666666667 0.19 3.57574615189071
0.19 0.193333333333333 5.87765723528233
0.193333333333333 0.196666666666667 0.562655309978472
0.196666666666667 0.2 0.727530195951858
0.2 0.203333333333333 2.38282376734562
0.203333333333333 0.206666666666667 5.66182616838803
0.206666666666667 0.21 0.539954158281977
0.21 0.213333333333333 0.0923282856550126
0.213333333333333 0.216666666666667 0.0836116889093658
0.216666666666667 0.22 3.29478694072838
0.22 0.223333333333333 4.03787840653618
0.223333333333333 0.226666666666667 4.23354767849933
0.226666666666667 0.23 0.180198303789797
0.23 0.233333333333333 0.180198303789797
0.233333333333333 0.236666666666667 0.180198303789797
0.236666666666667 0.24 0.180198303789797
0.24 0.243333333333333 0.180198303789797
0.243333333333333 0.246666666666667 0.180198303789797
0.246666666666667 0.25 0.180198303789797
0.25 0.253333333333333 0.180198303789797
0.253333333333333 0.256666666666667 2.81711383132028
0.256666666666667 0.26 2.84222288386382
0.26 0.263333333333333 3.01829777087024
0.263333333333333 0.266666666666667 0.127909849001689
0.266666666666667 0.27 3.66119973588548
0.27 0.273333333333333 1.57967044891831
0.273333333333333 0.276666666666667 1.39442075973859
0.276666666666667 0.28 1.64119916379795
0.28 0.283333333333333 1.01002107919436
0.283333333333333 0.286666666666667 3.42253454914725
0.286666666666667 0.29 1.8093168091168
0.29 0.293333333333333 2.0650500940268
0.293333333333333 0.296666666666667 0.227025235043531
0.296666666666667 0.3 5.15600626215498
0.3 0.303333333333333 8.01895716274432
0.303333333333333 0.306666666666667 2.64429466562334
0.306666666666667 0.31 5.36207826634836
0.31 0.313333333333333 6.1237279161069
0.313333333333333 0.316666666666667 4.35994853885787
0.316666666666667 0.32 2.59099312533171
0.32 0.323333333333333 1.81033972410969
0.323333333333333 0.326666666666667 0.11648906251507
0.326666666666667 0.33 3.88858920211761e-06
0.33 0.333333333333333 1.27751475404796
0.333333333333333 0.336666666666667 0.253418278138338
0.336666666666667 0.34 0.092174686381529
0.34 0.343333333333333 1.6642426193606
0.343333333333333 0.346666666666667 0.726532556788782
0.346666666666667 0.35 0.132416939919677
0.35 0.353333333333333 0
0.353333333333333 0.356666666666667 1.46753077342581
0.356666666666667 0.36 0.322971096836547
0.36 0.363333333333333 0.322971096836547
0.363333333333333 0.366666666666667 0.322971096836547
0.366666666666667 0.37 0.322971096836547
0.37 0.373333333333333 0.224314888369655
0.373333333333333 0.376666666666667 0.45133969134772
0.376666666666667 0.38 2.77328165383401
0.38 0.383333333333333 4.81397740567158
0.383333333333333 0.386666666666667 2.51549659803807
0.386666666666667 0.39 0.523543555734473
0.39 0.393333333333333 2.17936727145612
0.393333333333333 0.396666666666667 2.32827895867298
0.396666666666667 0.4 2.24139599409733
0.4 0.403333333333333 3.59449606489239
0.403333333333333 0.406666666666667 1.02638987940794
0.406666666666667 0.41 2.97620336069185
0.41 0.413333333333333 5.61829341227032
0.413333333333333 0.416666666666667 5.23487916503973
0.416666666666667 0.42 4.84094768823017
0.42 0.423333333333333 1.96643784822116
0.423333333333333 0.426666666666667 3.85621734510818
0.426666666666667 0.43 0.76424701131282
0.43 0.433333333333333 5.40731379247113
0.433333333333333 0.436666666666667 3.4340162568647
0.436666666666667 0.44 2.0266693945528
0.44 0.443333333333333 0.0909622026650353
0.443333333333333 0.446666666666667 0
0.446666666666667 0.45 0.597880743364055
0.45 0.453333333333333 0.214916492317237
0.453333333333333 0.456666666666667 1.04239444843292
0.456666666666667 0.46 0.393201934268693
0.46 0.463333333333333 0.533368724451824
0.463333333333333 0.466666666666667 4.82469446552899
0.466666666666667 0.47 4.7980228482244
0.47 0.473333333333333 1.43799639835389
0.473333333333333 0.476666666666667 0.604150985436103
0.476666666666667 0.48 4.01508425274793
0.48 0.483333333333333 2.26139392820016
0.483333333333333 0.486666666666667 0.482709480523036
0.486666666666667 0.49 2.24533535099181
0.49 0.493333333333333 1.19323455184493
0.493333333333333 0.496666666666667 3.63161221676114
0.496666666666667 0.5 0.253594128783367
0.5 0.503333333333333 0.0435411813943112
0.503333333333333 0.506666666666667 0
0.506666666666667 0.51 0
0.51 0.513333333333333 0
0.513333333333333 0.516666666666667 0.342058669000608
0.516666666666667 0.52 1.06830249804113
0.52 0.523333333333333 1.00150647305449
0.523333333333333 0.526666666666667 1.43676576788779
0.526666666666667 0.53 2.04529141617627
0.53 0.533333333333333 1.08016366725489e-07
0.533333333333333 0.536666666666667 1.78680209366927
0.536666666666667 0.54 0.51563006067543
0.54 0.543333333333333 1.01104712666189
0.543333333333333 0.546666666666667 0.979051274625029
0.546666666666667 0.55 1.11165097823721
0.55 0.553333333333333 1.64244156804803
0.553333333333333 0.556666666666667 2.50309037823781
0.556666666666667 0.56 1.88814034852196
0.56 0.563333333333333 0.299307303279794
0.563333333333333 0.566666666666667 2.63554253149304
0.566666666666667 0.57 4.23898111777836
0.57 0.573333333333333 1.2484366401091
0.573333333333333 0.576666666666667 0.0951741928691291
0.576666666666667 0.58 0.116094370711055
0.58 0.583333333333333 0.213188014416896
0.583333333333333 0.586666666666667 0.58236678467674
0.586666666666667 0.59 0.328849887595582
0.59 0.593333333333333 1.23707839509881
0.593333333333333 0.596666666666667 1.95291160671433
0.596666666666667 0.6 0.494177038096448
0.6 0.603333333333333 0.405172200012845
0.603333333333333 0.606666666666667 0.694262235164075
0.606666666666667 0.61 1.48500123256362
0.61 0.613333333333333 1.25134260442311
0.613333333333333 0.616666666666667 4.38114080992757
0.616666666666667 0.62 1.43128652966927
0.62 0.623333333333333 0.527407517204977
0.623333333333333 0.626666666666667 1.25726589792524
0.626666666666667 0.63 0.791333087416537
0.63 0.633333333333333 0.158634996500388
0.633333333333333 0.636666666666667 0.752094089892535
0.636666666666667 0.64 3.92264633048069
0.64 0.643333333333333 2.00098029411994
0.643333333333333 0.646666666666667 1.85592889581712
0.646666666666667 0.65 0.401400268486791
0.65 0.653333333333333 0.166031309195549
0.653333333333333 0.656666666666667 0.715767537664553
0.656666666666667 0.66 1.23155476215357
0.66 0.663333333333333 1.55155573295427
0.663333333333333 0.666666666666667 1.57985472483994
0.666666666666667 0.67 0.434410502223567
0.67 0.673333333333333 0.224560301554856
0.673333333333333 0.676666666666667 0.725963850617972
0.676666666666667 0.68 0.659393363805053
0.68 0.683333333333333 0.318177546514003
0.683333333333333 0.686666666666667 1.80602036563707
0.686666666666667 0.69 0.553514532960694
0.69 0.693333333333333 1.03289667732312
0.693333333333333 0.696666666666667 0.495372995308832
0.696666666666667 0.7 0.0725497327930085
0.7 0.703333333333333 0.0951417879591114
0.703333333333333 0.706666666666667 0.22442819753835
0.706666666666667 0.71 1.16912681102094
0.71 0.713333333333333 0.130233713115421
0.713333333333333 0.716666666666667 0.547803383602818
0.716666666666667 0.72 0.832280147747569
0.72 0.723333333333333 0.402796272010351
0.723333333333333 0.726666666666667 1.02353187436075
0.726666666666667 0.73 1.46174412062759
0.73 0.733333333333333 0.195580698542441
0.733333333333333 0.736666666666667 0.636311994497683
0.736666666666667 0.74 0.646464236773479
0.74 0.743333333333333 0.12711484854259
0.743333333333333 0.746666666666667 1.00204806711725
0.746666666666667 0.75 0.376435957874663
0.75 0.753333333333333 0.326581975959814
0.753333333333333 0.756666666666667 0.0909275294113165
0.756666666666667 0.76 0.0785634359940833
0.76 0.763333333333333 0.26703654958962
0.763333333333333 0.766666666666667 0.0487706857729591
0.766666666666667 0.77 1.38282358252511
0.77 0.773333333333333 0
0.773333333333333 0.776666666666667 0
0.776666666666667 0.78 0.110421675179732
0.78 0.783333333333333 0.585384005848483
0.783333333333333 0.786666666666667 3.33287653609405
0.786666666666667 0.79 2.35785027534232
0.79 0.793333333333333 0.891866620337118
0.793333333333333 0.796666666666667 1.1580430355985
0.796666666666667 0.8 3.11830040334837
0.8 0.803333333333333 1.22119221201176
0.803333333333333 0.806666666666667 1.41527256322038
0.806666666666667 0.81 1.12091500192942
0.81 0.813333333333333 2.72873948476926
0.813333333333333 0.816666666666667 1.18674082391013
0.816666666666667 0.82 4.36758108334706
0.82 0.823333333333333 2.24757010160299
0.823333333333333 0.826666666666667 4.10750500041286
0.826666666666667 0.83 1.52531736929661
0.83 0.833333333333333 3.08700276910602
0.833333333333333 0.836666666666667 4.9265740984117
0.836666666666667 0.84 2.6273274547381
0.84 0.843333333333333 0
0.843333333333333 0.846666666666667 0.599490727310098
0.846666666666667 0.85 1.14995811856547
0.85 0.853333333333333 0.186359881396919
0.853333333333333 0.856666666666667 0.477365046730192
0.856666666666667 0.86 1.06825734719984
0.86 0.863333333333333 1.33636336683641
0.863333333333333 0.866666666666667 1.51565368504751
0.866666666666667 0.87 0.70410803500747
0.87 0.873333333333333 0.240756059548942
0.873333333333333 0.876666666666667 0.746469785693506
0.876666666666667 0.88 0
0.88 0.883333333333333 0.323954585855583
0.883333333333333 0.886666666666667 0.293321144252234
0.886666666666667 0.89 0.307586217707469
0.89 0.893333333333333 0.0535479256241273
0.893333333333333 0.896666666666667 0.334590417405208
0.896666666666667 0.9 0.868784386898814
0.9 0.903333333333333 0
0.903333333333333 0.906666666666667 0.708554528743725
0.906666666666667 0.91 0.595133887158226
0.91 0.913333333333333 0.364926057885495
0.913333333333333 0.916666666666667 0.364926165901861
0.916666666666667 0.92 0.614763269417782
0.92 0.923333333333333 0.706043148217357
0.923333333333333 0.926666666666667 1.68562445915391
0.926666666666667 0.93 2.65569687329488
0.93 0.933333333333333 2.79007701067979
0.933333333333333 0.936666666666667 2.55456687399724
0.936666666666667 0.94 3.9999076291739
0.94 0.943333333333333 1.49767338865876
0.943333333333333 0.946666666666667 1.72298656428969
0.946666666666667 0.95 2.29929978772603
0.95 0.953333333333333 2.51989524052386
0.953333333333333 0.956666666666667 1.57264128385365
0.956666666666667 0.96 1.67545385409577
0.96 0.963333333333333 1.32555600529643
0.963333333333333 0.966666666666667 1.14478175823925
0.966666666666667 0.97 2.46748191881582
0.97 0.973333333333333 2.24468358023499
0.973333333333333 0.976666666666667 0.289747422759121
0.976666666666667 0.98 0.0781018820590653
0.98 0.983333333333333 0.852978351955874
0.983333333333333 0.986666666666667 0
0.986666666666667 0.99 0
0.99 0.993333333333333 0.243587924635384
0.993333333333333 0.996666666666667 0.0396798123166085
0.996666666666667 1 2.16032733450978e-07
